9726
178854
1170057
6743549
12601
1011271
1103662
1320983
561706
1137112
6756381
811477
1595073
1145097
744032
812315
6730990
1341474
1522729
775644
1416127
1362397
1377187
1309396
515191
929775
972898
1146135
126947
200946
402171
871439
1150225
6733004
487865
652035
1077564
181764
346622
1350892
1208113
1005406
313675
6629945
774373
87303
994205
6685775
727344
798855
907121
6771607
1455987
1436115
6791297
898856
6730636
1322953
735397
1134520
1348729
1377536
1525553
709993
137700
906080
1442452
823982
725967
823982
6723889
1519852
6706566
1365775
668425
387468
732107
1381013
6712246
202988
1334638
597712
1183978
6698725
1126645
799999
1226965
1382996
6695682
1603082
6693358
694461
382388
1050564
752380
1459518
1227916
885353
145973
6739397
1379558
6722887
696368
612304
1113282
6695819
1462851
6725222
408479
883345
791725
6684481
6719765
6644083
1217268
1525306
6695809
950951
1544276
1290109
582982
65602
659876
92915
1532575
1245697
712047
1391157
263012
1353930
1050853
1602613
1052419
730586
391899
1274824
1556582
120826
898872
1230350
860943
316559
1288844
1488381
1539299
1249614
40070
1314550
1259841
612531
1219148
1126716
1039744
6646980
1406478
25236
6791768
601068
187071
488790
1131590
1042156
501560
883868
718561
6777871
1227047
1354589
1130095
6752847
1469512
6695404
6639550
440318
6749829
6720726
1239541
1526988
1518667
179132
350216
169743
1240367
1123463
810984
574414
304373
1307477
1497600
678624
6729730
1207020
952266
6687831
6759823
6670052
1208578
589789
187076
1411288
612211
6756442
1169802
18530
1234999
773500
1306313
6685404
1526137
1396866
811216
6644834
620744
1469761
6696308
1526116
548027
1598657
1436488
1547163
6744795
1312210
1594662
509411
6743019
1571477
186521
6648530
1169160
6670769
6794816
1528070
1424955
6708253
747581
1291450
1406189
1426622
1374770
315097
610223
1532923
6696765
1472416
6649698
1169582
6680514
598685
6713121
1429242
696077
588206
585966
6706821
1541399
6761147
715779
1576575
1367597
6649418
1180151
632900
1181794
950943
390788
1169503
1047705
6685533
1548579
1250621
6741489
576516
377214
87930
1057572
1171838
6760239
548037
1181493
6647547
1182200
1078837
1352746
1239928
524367
1179855
1365222
1257512
620064
6668746
1433648
259801
1222967
1550325
632532
1188242
1376346
1169031
1195279
1359396
1403158
6613046
1443629
1292868
392129
234946
1319941
392128
353638
1437305
1510413
6708408
1407083
6771330
637981
1501790
491477
286835
841565
1272697
1093821
863959
1413263
353441
1520942
1260691
1521987
844287
102749
881177
1254537
222856
760315
1449410
400140
608762
1220641
1101436
539849
1431097
749911
1197718
289314
321547
1029484
653638
1583976
283554
6775590
819728
1338570
1425994
1042980
539910
1046748
340608
1091704
388231
6639035
1127466
6641625
6783858
790412
830803
1270330
537662
485252
1444385
864633
1606095
1472380
595618
1546993
1294652
6642134
1216919
1063198
1514067
1157836
6753757
1223481
356244
6669209
6762465
1158360
1330249
6689502
612734
1260470
1366409
6648188
6753403
322253
6697968
1093476
1377345
6726594
1521017
980039
6774780
6610118
1245536
610612
1164636
1179993
1170650
771623
330600
1101512
249417
1038359
1363640
1230769
1292185
759147
1164428
6639252
1552934
1580793
6726409
1185695
653622
601439
1378015
574236
1028129
6747214
6673124
1248856
1597618
367261
6766647
1598128
380862
569850
176342
521655
1186250
1519819
618257
6774451
1452440
664102
696258
1557735
1518753
1100400
1467226
1452420
6613884
1272081
1046263
690435
285834
1029498
6620627
1422809
1157046
1184964
1247251
6762163
1025590
650555
1225085
1467308
1228054
1383876
264759
6630203
295514
1498743
6628689
1467464
312309
1219250
660891
282688
511724
6692921
1403279
6685524
6711741
6794208
6744550
6622483
1052401
1043292
750475
509169
1217478
294888
813203
802389
839774
1473560
1433918
6775266
309587
311358
1422613
962716
1295819
6725852
6690040
1417795
1470397
609844
90706
1430083
6614631
823476
868792
406691
6744263
1575551
1380988
6738584
6647625
1357608
1507687
502682
6775152
1219141
281805
1218912
987267
6679896
6751835
1555624
1500093
1510675
1310752
1389301
6633929
1541790
805755
1163508
1507372
1422570
528925
521188
6679723
867673
1391041
1454073
552805
1069450
6766131
1468142
1452470
1110786
1306085
549240
6706645
174674
943302
1533781
313471
397099
6708813
550668
398904
855957
612059
622945
368483
298666
546914
1319097
657995
6695773
297077
569599
552864
1227441
1554815
504641
539704
898298
899172
791779
1577901
6637157
6646969
1075125
6775371
6639969
650779
554137
510335
1198354
6724310
1110898
583468
6645864
6654358
6703034
1464286
6680934
1139812
1272801
6723737
1263512
283305
1395763
1333829
6723716
284082
1387104
761751
1551761
748649
6781102
1248841
1518249
621774
761910
849835
6634297
394044
365147
6680851
1481597
6670618
1550852
367005
1229843
1230206
1479793
6624827
6654672
1579228
398220
381228
1397848
393880
6711833
1450910
602937
1511154
6642705
1050847
1197536
6742397
1606265
1464844
627265
1603603
1045006
719948
6763847
1464156
393597
6756346
1532791
1480424
677680
753794
616841
6660013
626441
668398
1494316
1334383
1575429
336611
1225472
1236669
6775226
368176
1539619
6760793
831142
1455175
1061697
381077
706070
1456485
1480873
1199374
829791
1593671
749196
6749666
791387
1401755
821326
1126211
1522596
1186653
1570434
858682
1410985
6675602
503506
1440597
346409
6790434
652631
1427191
6633090
1550772
1530716
337168
1037253
1229876
1405034
1191328
638453
871704
1171760
1386729
1011416
541440
1384168
1555852
944306
1533936
6680087
1285432
1518614
1476725
1384170
1209078
548700
1510255
550732
6668087
1294283
773812
1042993
1238821
1367328
6684489
1360054
640657
6635049
1075939
1430490
758847
1094601
1263406
1228057
589701
1478243
530402
1541710
337835
6718389
1577558
1010467
6634867
645306
1218980
1517547
883617
6660004
6620754
1154760
1270020
1531206
869279
537823
1605398
6622004
504035
564241
1035957
401576
1037884
554204
6690515
6719531
1483970
277910
6777428
386380
6682903
819884
1356847
1482103
892363
714989
1227951
1359479
1317682
1284171
1552312
1411290
6789246
517346
591156
553924
6761999
1545620
1471882
6657219
1308661
1126289
327776
1388447
1377286
548159
1404940
1404952
1028227
6745395
1433063
1076789
643969
6740210
6708831
480374
692502
6724075
1522155
6706502
700796
1382827
400578
690427
6789109
1580546
1596039
6778542
6630872
389944
6677747
1213338
6658406
6765708
582751
6657505
1439046
1439009
6741313
1383396
594533
1185303
1380591
1422023
1489818
564537
1580598
106204
1191330
1039254
1163530
1474281
1443866
335665
6670366
356494
6666784
1313336
1248173
1398110
1529822
1209479
753865
877724
818496
877952
1239804
994227
1132606
1009071
6753908
6706376
1129780
219165
6694491
548823
1305427
1217866
906155
209304
1210801
493798
1399899
800044
1396306
1449594
548809
749269
1216853
219166
1248301
6678415
6746717
620460
304996
6791524
1473617
1062036
120588
1572055
829751
864856
258755
1248448
1598580
6761673
1291406
1293498
1025152
724996
6696843
559038
993304
1151583
6768801
1284749
1525478
1513777
1260622
1332214
6794657
1312793
282437
1218276
1041467
6763070
1335517
6763242
893612
1329139
1308053
258772
887486
1046442
394654
347197
1189611
552974
529828
6626333
1047205
1460545
1527402
1182287
305080
1401677
484337
1309571
1263259
6688469
1075333
1312190
1411616
511892
6780725
653936
1399291
6675462
1345696
678619
288741
6629484
1448803
1401152
1262072
1439322
6703576
1487755
1294469
289325
488740
6771602
1290595
1077972
1475239
404247
282977
74787
6714478
991876
1406845
903468
1448991
6733053
6609847
6790016
1461959
1359520
1100824
634869
6646999
1128672
1152527
1117730
1017306
1101365
1329278
87474
1227192
1594881
1424958
504066
1525221
1532931
1216708
1158614
958083
501128
1127644
1380801
6646185
1100810
1128451
6643534
1230404
1281798
881684
958834
534277
330437
905144
940838
513679
821603
1227465
1315865
1258272
1128666
6724654
1128177
915988
1583461
1424605
6669736
1248727
1531477
688298
996656
462895
1264547
1062444
946649
6692909
1410445
564029
6630942
1330282
1308058
1199834
945988
1520031
6765359
1478632
340544
557955
830850
758279
1064982
6706290
322038
6760530
1338747
1283265
1580590
6651490
566241
894880
289638
399444
6726600
1121912
1598449
522616
939756
1044019
1438097
1127072
116589
558217
1045498
6627917
1223965
6621024
6711352
1212493
1182089
1029194
1596216
1384182
1360174
1575798
943487
6743855
6701707
1354113
1208802
395549
1264584
6723187
1127677
6715928
1128418
1187702
1152901
1596927
6659620
1202249
1503111
6723279
151676
1226346
1154572
6681841
724775
1093207
279508
6671757
321034
1201976
6719913
832031
1549420
521441
6689254
1112344
1443946
1487383
1523567
826331
6724884
895259
99452
665736
6717927
1125667
6714187
531125
365039
353228
1522250
651449
1526142
591414
6688533
6724882
1291760
1522826
1532425
140043
605245
1245787
6772847
6784399
548467
278911
1570839
632886
920369
1202449
245368
945886
6772077
1532803
1184977
1404254
499957
345001
353496
1478885
1407439
1029215
1083356
1355867
1172525
983717
1384364
347284
864654
347640
1062511
103932
329587
6650467
6722187
513585
1420861
1552696
6781500
6675372
1522587
346005
853114
365567
767368
1435651
767368
1463576
6776290
1161803
1086071
382921
6688175
484944
6656889
1140762
79382
615707
676438
1243550
6766876
1089473
791024
6689215
373969
1445320
1402120
1521075
1579961
863911
630153
6713895
1251400
1480057
1480171
6691494
326548
82847
6772865
1273628
581414
1185906
988933
1445328
571297
6765610
1122440
6648666
554131
6782204
367351
6751070
6647044
732088
1460606
1499934
1379128
1470496
1518726
795338
869583
1251447
850038
1526821
540847
1228159
1555263
83278
1448302
902898
620104
1092698
1387726
647890
1464792
1288189
1040787
1184207
6788421
540309
623019
484888
6612642
1542890
1569598
737904
1031138
1223863
6676297
1603579
337491
235828
714552
853054
161541
848458
1070703
6657033
1567842
687466
1110212
6683782
233614
505548
395810
322808
857308
657824
279007
1386546
1460539
157705
1596571
819357
493342
6649856
551565
1518243
1236183
659862
1121779
542803
6623970
1079919
571291
1178712
553530
677887
719956
1337885
756300
1290387
522576
6749719
1387133
6703741
760001
1366867
1322372
6748382
1346320
906097
769503
1156657
396404
1179564
543091
841649
140218
1485940
6628461
1237751
809864
284781
850271
61924
389406
1050504
319714
493525
319714
772406
1574595
1470500
767617
198944
1354644
982645
493901
1337425
483246
379684
1337869
1161163
1480870
1510194
1244474
1152840
1224632
6726227
948855
1484064
1396732
1606289
1287445
1009012
6692468
675765
1577893
1352888
715374
6684164
1179441
6790003
1430112
192888
1354698
1294485
400392
6767117
1292536
728429
1157067
1526773
1276000
361051
729454
1191198
1121384
994142
603481
777509
1485972
6711960
1180174
1201243
991031
1489342
804398
1275727
403426
6702333
1366330
229574
799709
6633185
528568
960447
1196726
274232
329841
1305905
1367898
519489
1476013
601687
6652496
525921
1541266
1410905
1183474
1595276
338333
1485886
1553867
1382002
1570136
959968
1578345
1284690
6764908
6709861
1275044
271725
640535
689501
717351
6691083
6752911
1542110
169540
1045466
1430134
318035
344181
1606377
6712127
635694
1441555
1405053
1086077
6639808
1117373
378361
544702
698708
1508468
571068
1536889
397783
1347034
6651471
36992
1475276
6670688
635273
1365443
6766407
713927
951240
1183946
1544065
339690
1483156
1270137
1029142
1289121
392311
984927
636561
186670
507153
1472925
625363
1107325
1554256
571416
1544620
317343
396870
1546406
6758811
395927
1100303
1349518
618600
1263844
1106852
1343288
1459331
684795
6701302
24961
6615342
657437
314233
960476
6710090
1554851
1458815
518950
363584
508436
1367221
1558561
347997
6700250
1150907
512850
1034980
76173
1554613
506471
1303506
869230
632800
1395668
363054
291892
1152433
1375295
870508
299506
857114
952249
1006584
1554212
1501231
124631
1118292
6660703
939402
987119
1078433
678967
547221
559536
384658
1220686
124632
721450
386424
1132644
1290013
230171
987426
553483
378159
1517989
6626582
1306309
1377179
1396823
856791
6654680
1045586
1485794
1224262
1533426
6781514
230186
1089810
536568
693690
230185
716933
529787
6766309
540696
609911
915937
1045627
889742
1492558
390429
312707
230184
1041371
1117358
1089394
762025
6626194
6623792
715405
658835
6642634
754294
660969
1039583
693400
1574870
1446479
1469952
1452293
620419
397816
756934
278264
228917
6728081
1075239
6630852
1198717
1090532
1574976
395627
6738927
820323
987598
1574969
721192
74743
595323
308067
351247
1365397
398761
963059
329323
6643431
6658452
602957
1052219
961533
1217023
1347165
569323
554286
714538
1470030
6611493
904275
1259690
1244030
852989
397164
907234
1334813
1605412
6628521
489826
402040
1270196
273028
66836
1228938
1179310
6716599
904515
1041178
539551
386260
301527
950264
1461761
1551646
313599
1422316
1482849
10101
1250305
1487601
1475359
763602
1331656
857931
1184846
1443416
393436
1111262
1474626
813058
1550937
230138
6772780
1228579
1170863
295644
397847
1475578
1200442
1429159
1282418
6765659
1100901
6744978
398896
613733
1321454
351778
986690
1515590
6769436
6788954
1274798
1276229
1216349
1371769
659359
1011019
348157
6783348
992320
6681449
262468
365929
920717
1441071
1183572
1596568
1199895
6683938
501861
6792206
1318865
278392
1110912
1438676
1156161
1494802
1374387
1338653
6695469
1524447
851081
652465
6633714
840554
6690610
1541360
1509892
239608
1469093
723346
1501738
1509896
1571366
1308564
603953
522411
489914
1554661
853982
766485
6709287
697319
1293854
564198
1505776
1126398
259243
6715586
1104510
6631755
872588
1598855
6631998
717779
6739729
1335544
1521341
916673
1490408
823740
1470639
1050866
1319139
383171
1457396
1395456
1470601
1275612
1094895
870102
919771
870102
817807
91147
1512532
1138857
1436043
1229391
808451
616912
1180727
6761486
1009049
343057
6672352
1542172
309848
1411178
1329707
505739
739418
1429057
283697
6710835
529720
6760313
6753175
485116
864262
876852
6769897
1396160
534229
141592
795445
304003
396098
6769372
647144
253993
6731850
6750283
6716916
6633377
6744945
48668
329220
501327
1115170
842807
281092
220710
6623930
350916
1519431
1405400
6774291
1014586
227123
6621460
490882
6747921
740140
1550685
692647
1558694
741795
591168
1607679
195778
1039045
239345
1606018
907746
322604
1607200
831615
665457
103209
407293
649133
841183
192361
1408092
1229687
994762
1557828
527609
1434578
681950
6638574
84696
908547
597565
744922
1013178
1348147
588386
27968
131322
667521
1433807
331834
77499
182659
73059
6771280
1038224
571143
884420
6753848
750680
750251
83933
1292855
1381869
1155699
194176
605950
1520735
347113
1331481
6627330
1060565
589562
759103
6781343
360196
1214663
6668276
557560
282076
322197
280093
372064
1305451
314915
1435203
1164969
921055
6705004
6764385
1420177
774561
6757696
1525394
6651220
6748444
753989
158525
6753790
939726
6723727
1608338
1243945
1106054
586356
1381538
1543759
1406228
489781
925946
646166
591892
404089
6742010
1094849
290777
368358
789149
321947
6644032
965031
6621968
548105
6744151
1381643
1555043
1470903
1487223
296994
116453
1421184
6737855
1100025
1172469
1394557
564100
1045588
6744595
917353
676769
141325
489950
1126227
1573068
6702964
558015
329257
919318
500097
366313
1035123
1189127
311283
6727534
1394370
6702560
636436
768302
6786202
615165
863194
986478
402767
1122744
1086493
1125826
1425625
44944
1147076
1228913
980650
750464
1552960
398253
944204
53873
6762833
750723
485467
514621
6688817
6646085
92287
870955
1132184
6693872
6645113
589526
954488
540504
587356
6677157
1517325
848831
275116
379916
1367693
6794266
1569273
543119
1259663
6648475
1012137
1291388
591376
403272
632412
1007536
6715848
1601746
1358004
1053504
1581440
528654
563365
1391849
1246892
540274
1322574
537645
1272823
298017
774119
1221106
76092
1029861
1460922
1234706
6697188
6705760
579797
214139
130780
300105
672468
619792
398568
6652770
6721144
1556459
6760943
829475
285742
6622410
727897
6717687
6681823
1389443
1608476
1574872
807181
658668
6785366
748746
6782653
6658898
1309099
799166
6660370
6628227
1472575
6666086
1443985
6756166
6670023
917050
793444
1006447
1128159
834638
6651261
1295362
316430
404585
662349
128024
1570091
617713
991948
6615054
1578589
1093253
730913
773519
1554142
1573050
724848
401018
6691170
1599219
824439
826150
62626
1025332
485458
6681269
939493
1226212
525025
831604
870947
389770
1487967
751094
1541435
1352842
400105
6627874
1551295
6710378
6669020
1188736
6635577
1349275
842335
6717147
544751
1434052
6646019
824542
1385496
694831
927184
1607072
1522764
690972
1293365
1432732
1389364
6794137
396757
300190
986917
508238
1091433
991653
6767625
1080130
726580
6792423
70139
829430
1338663
6721543
1554268
1468511
1026067
635304
625757
1463136
407148
920920
1495177
1530715
1247450
1247454
531904
1251462
1600200
1035450
1507425
756381
1165307
1525457
1310358
1247682
1353279
1405039
1250033
324701
253437
6726057
656278
6712282
1399042
6727608
1129779
1337776
664402
1550092
1376398
1600956
6712849
1495187
1263430
1368596
6785322
6644572
1373287
770667
524614
1376375
1520048
1395038
1549340
381087
1409562
1379662
6715698
1333737
1357025
492020
809476
6675794
551144
515893
317244
329045
1164430
243417
613521
6739300
1389488
1008013
1502124
980423
1465812
60912
1379420
726550
950160
1276009
392543
821541
839548
1501226
161535
6710970
6792289
1210818
6675748
1497162
6712026
1383328
1119080
849042
1034661
1475871
1159041
6756589
1275288
841539
6695425
576087
1049700
1394970
810895
1156731
1139855
6615820
701278
688192
1184289
1429222
756721
957812
400521
855235
1015257
1275453
536850
6784655
940042
1578670
351792
303871
1484779
341913
958978
1038023
608445
399698
537359
6783677
6789658
774572
1461787
1426467
593800
28556
1142568
1089375
1516455
1249870
1420682
916455
6704690
1092243
1330474
1037957
532986
1218795
281955
749515
322732
641143
920931
103315
370394
1509594
28555
548426
1477024
6622381
1037447
1287079
1223093
645474
988020
1162834
563166
1269781
1401904
615929
6749300
6769291
1517086
6744113
549888
634703
625414
1182020
6641445
1423036
1244039
1328688
1397510
1485433
674965
6696159
1297010
169599
6790713
371912
1247390
352659
1159420
480594
559806
286887
1453210
1007776
620985
1466603
925892
324869
677155
1313489
722643
889414
1606553
990137
272241
372489
1548667
1518412
6658830
1040367
6655828
557389
1440295
1529407
849222
698989
520724
1470219
1008392
276831
1357988
1373667
277952
1376290
764297
327064
1405623
1374374
6644265
6730100
6648799
6689580
399531
1114242
6615665
753734
1144410
1582703
1471945
1594580
1037751
308295
519123
500353
285556
6712558
1439534
1367576
281934
1430029
1473073
833592
1377893
6784916
602394
894944
6749268
1400953
1143216
1396383
1451298
1431931
1604870
489786
1570644
1593387
949154
980259
1401429
1208937
392518
294742
1546620
263809
720408
818599
1375898
1275695
6626161
1050673
896698
1486922
773784
1093311
219159
857753
219158
1580070
219157
624192
592591
1179829
6743399
6656573
1428099
1288630
834438
1016663
6733748
1421792
1091662
1308797
1436832
1355921
1011801
6748233
6762808
796738
6767547
376107
1521632
6679714
1520474
598617
689882
1479235
313110
1241697
1432685
1220639
1215171
6653710
1215171
6653710
1274268
590045
1498277
1287199
1201309
853926
1244173
1139024
6779271
1171050
6640957
1429728
1334169
1155242
649948
6639444
930506
1529741
6794388
1486452
1549650
399648
6723291
1111357
928677
1547766
1431851
6647078
6724980
1367067
264781
590365
6725140
1334885
1366878
6789068
1240256
329969
640992
6612079
1034874
6693145
511579
674146
855771
492468
1119402
634178
1475513
1583780
6691657
943810
1078262
1365401
1245289
245008
1250971
723847
1540002
938334
1394930
1603532
1414507
1465384
817703
1583615
773193
1239744
793883
723844
1240260
6769262
1595851
212655
1257944
1077046
714128
912736
1245286
6632837
858347
1088664
1389218
1410742
576668
1487934
6766310
1037377
995106
944290
580816
500417
6713589
762486
967093
6791331
536280
765803
190309
871866
48429
1526528
1199296
620284
1528735
1131382
1150774
1487921
334338
290098
1223112
1276875
217803
1366745
1028891
343846
1390891
553433
542237
6758835
1321108
1125503
1016402
1146064
1106211
6711627
1432315
1404791
394376
1286341
1275332
1011054
660362
6767040
1044083
283125
365221
1052312
1045960
6753834
599443
1444772
709507
6683965
192138
6667320
605447
1160739
401477
1516762
991310
1038393
376227
376220
380473
527891
1135536
534457
379669
379226
6710110
6747180
389339
1235317
1052898
6648713
798215
1209022
1486609
934737
1395768
757950
890423
1557436
750599
180517
1327241
508842
6700268
1155459
490920
6639695
253983
336392
1097314
1331111
1605477
1486626
6638383
709005
950000
1344621
6684957
1049926
1322054
772108
388398
6688396
1163590
673933
1485657
580747
276462
1388413
1429114
592786
74623
357566
1216765
6691912
1391326
6692603
1346353
1139826
1465363
1188277
1432246
1116025
1584374
1283773
484621
6789264
594491
1518587
1359483
692688
6704076
84177
1025410
6631415
1037658
903347
1374654
1480475
151038
1489879
831082
1397458
596327
1451603
1386225
918619
1230092
1307007
1308912
1607037
6668358
971241
543324
6792659
1502370
1550041
629452
513104
1126198
1569533
6620746
6672651
315679
6620837
1231563
994499
303009
1284613
771802
6782108
507907
1215423
834770
6667683
1101548
1578998
1216276
75463
1506966
6626832
850785
6743970
898444
538204
1361501
260276
1457334
6643605
1503386
327293
1422158
6713229
1475070
1047676
1542050
6620588
867540
6771564
6719377
1062165
1498347
6711564
608088
1439360
898329
6673092
320016
1152687
1307141
1454213
1421691
1061130
393603
6704003
6772941
6725567
513681
6648801
6719693
583117
6746333
6633604
1448168
6674490
1220541
398796
189325
1105417
523401
1604038
6745916
1506294
1177091
1592687
703514
952988
6721559
851958
1149896
1555571
1384845
1290656
360116
6650173
1260332
1448338
737450
6717535
104451
1144719
387666
919397
1389034
1384776
581217
655595
1414348
608921
178663
972691
564158
293740
1185429
6758413
1251843
6718461
25667
1554124
1179818
1557022
863627
830191
1255072
648274
24939
6611438
1607221
344577
1364857
6717829
295536
855052
1251842
1288651
619814
38577
1239742
175999
89931
6734956
643945
1088611
6775595
912678
105856
1252754
6717020
1247359
25209
6611323
511610
673891
6713896
383039
340198
6655549
368179
320624
454302
6667442
6730628
1471150
387904
1154500
566902
600321
1400415
6652644
1578781
744478
669257
1305124
785130
539666
1445904
1409796
6791953
717971
1443594
274414
6743170
690887
6788743
643039
1027293
1535411
385036
1416539
180465
1448286
6705211
6608879
872430
1113191
1594784
1487283
6792364
6609085
6742516
1177024
371084
907663
1556935
742997
6707768
6771750
392552
694560
1470044
950015
1224541
712537
1245858
1069664
1061286
1123359
1100659
1246100
882812
1336717
6701573
6644905
1532005
6788868
347293
724314
1142329
567340
1038365
1443136
6750046
1403178
1421449
1308336
335648
537582
552658
6613914
1161450
1130748
843876
80568
6763481
6647601
259518
6727274
1009642
1141194
860445
912166
1188270
6624579
6665718
812435
1288850
940216
386765
184877
1380202
1453430
1044089
856064
1607675
995678
1188071
1375015
6778151
600384
1420652
1115366
6757646
6785340
6637622
6678478
1389532
1420611
1556132
563239
6708924
848484
1488966
536105
6769346
1262204
1411411
235905
926153
1364344
6696304
6690828
6780685
1393506
1386176
1607495
1597488
385633
531236
1410324
1541681
6788905
139100
1365328
158568
1604836
1216501
6776508
6613147
1100598
6665273
335888
1483303
1035669
76181
6621160
390341
553729
731784
6720205
905717
281091
1375573
6744845
1358031
1102778
1471163
1534463
1389234
6745513
1040578
1594180
6724142
1412903
540676
1259485
1375723
888410
1592790
652807
1121603
327010
1382043
6746494
1483271
1294803
6790678
6694067
398666
1163553
1100583
1429889
884221
6641440
1102543
6696825
1374532
1210576
1117845
1050481
876925
6609478
436329
6646258
628484
1294531
1139508
6752826
1231673
851664
1552119
276650
6699601
1321998
1374772
230040
1381742
1488238
1595680
841913
716673
1354973
1488565
1347217
1291526
988634
1047200
1185009
1551056
6695197
1286003
1052386
6760952
1050865
634002
1288484
692514
6718803
810414
6695190
1307134
1551915
261475
1377390
6764612
6762554
1527986
1381192
6656601
6698549
1419112
390337
1198677
829109
1068842
404530
398257
1068759
1090821
1601087
1209802
1227698
6656675
6693561
6775898
1543218
6706241
612218
905973
1126439
720735
1431942
227225
6640265
1311057
994432
530212
1528436
819258
1273611
526755
1200628
284636
64339
1338410
959940
6679233
227221
1089080
97708
1037800
697428
1114197
1460198
1130769
1077560
599094
6713028
1119579
564676
696348
263818
6733840
305929
1493728
397398
6707756
635513
647257
6751232
1378499
1234941
6638809
6623540
396552
580516
1321637
1434228
1364961
512265
323009
6790950
391247
1408898
1259033
526336
1169514
6764415
546586
1374450
6671668
583023
1235922
1584210
492760
914036
904924
6773773
580660
1448918
166575
1156915
863609
6715984
1562677
994156
322609
760625
6715204
6629144
1126513
941230
965728
1470114
6780476
1536035
6650693
1384995
1291778
1275153
1250314
1496263
1392339
6714050
491563
870367
6713269
6648583
6734649
614629
1492923
312233
1319466
1363778
6671673
1348212
543578
1356810
351556
1527373
1555410
291677
547329
1492126
1499417
6647225
6625998
6659683
1456781
6653860
1552057
833978
876291
628021
1396220
6638140
1483954
6743046
1051762
6621731
1271807
1214705
6724308
504585
190971
652700
1030104
1131900
1048320
1516817
1386763
1238035
606231
884696
1276379
6670755
610956
1186687
844246
6743774
258373
1142650
1225973
1427728
1476026
6788290
1061986
6728219
1524125
817315
859026
1381928
1398799
180022
6765367
1173887
1429874
397681
1411549
771798
1520471
6655181
1397250
6647057
6775844
6748090
763599
904592
1515283
6790355
1497116
1464378
1234697
6694444
795243
1506513
647981
598269
1218894
1181341
6656162
747650
6724376
617726
1273514
938445
1382980
590151
1270126
367139
1533508
1502072
6625260
6779072
111783
1503112
869589
906513
176109
1184700
6699549
1071496
1079035
6748194
943705
1499393
288403
651965
725918
520985
1500214
1041203
1275411
6772787
6700232
6708667
1239999
6746411
6725056
832304
6654567
540953
841482
404173
1402953
1153212
6770329
1238785
604602
6746410
1050354
1477563
179484
1139981
1595169
1046290
995452
131269
6637387
966155
495867
6746868
93231
489326
1431439
850565
1007367
686505
528871
1354395
607650
772435
182720
829068
652770
1387787
500169
725467
850088
814043
1273155
6767180
357086
1527792
994971
1442726
1482214
1037235
483820
6636490
349120
1526400
404132
768929
578552
1462973
1110727
944270
323810
360082
1139832
1287932
6749389
381808
1527751
1013821
1187424
323259
94675
189687
1414978
6729254
1393934
6771274
562006
1492661
1521947
848619
1366145
6737831
6754346
1495954
374587
1040130
516373
6745155
1462921
618379
62671
1521090
662486
161478
557572
1438957
534046
235869
664197
1313134
349762
770218
1186021
6698106
272747
763874
1160406
1413163
687093
6615841
1511731
409032
481077
1202931
6615372
1283941
6781335
1232100
1489574
1044803
585198
701348
6737371
366367
485307
1345312
503277
1049013
352912
1227746
646741
178938
1101818
519445
280360
6769668
533219
1409257
6701199
1079915
658679
1391835
464961
196697
1475453
792629
181875
6794025
872312
532988
6726320
1576506
799277
1019648
6653500
957018
756905
1426773
6698707
531480
6733160
1141665
6767939
1544725
503162
1106291
6611464
971042
6725020
173364
1121232
1514844
625706
6731955
1375225
6730569
369452
522337
1486886
6630172
1520313
664154
1406142
634173
834744
548844
51347
6688767
1129661
6733164
1608650
908732
1483960
621058
1122918
638317
720653
408803
867296
980608
1292542
1171028
395329
1438966
1426285
1188332
6743062
550904
6660589
1375586
564151
350308
111010
6668908
620256
381671
6621723
1076071
707487
1200162
583164
78785
1272249
1230330
1230328
1582401
1394020
842567
6764806
1389284
1043718
1478760
621812
6737784
1317309
728755
760297
6758070
530686
1132565
1424743
751969
1152167
1509784
926372
1128163
988479
965730
1344646
1003568
634506
1497783
696019
1394990
919839
151219
725525
1317842
1469054
6679218
1462922
1364532
1309530
834165
6722372
852625
534426
613898
1317302
6645163
1570564
6669233
1223203
6668771
6704963
678120
1576160
1396377
6763943
6703521
1427571
1152095
1199805
6781303
191526
1488612
6729692
530293
1216425
926050
877633
800465
6623976
704179
6643596
1183207
1126290
1570981
1381153
6781137
1607138
383456
1174499
521701
6680315
1111836
1514709
617783
1437935
157581
638165
1052747
1440822
1602324
569152
6775265
1209675
1421483
1605432
948677
620740
1356631
6768378
1163781
1390233
1469313
541195
6714397
1307230
1102754
6738022
1126238
813957
1040990
1161009
6762629
1465658
6730243
697647
1026710
6649330
1527799
1017821
6613143
1221191
1601020
1443027
1264263
6776847
528021
902076
6768159
370417
381861
574226
320098
1103066
1126005
6774984
725439
64598
505685
1400883
463597
485543
754894
771005
6783931
6773324
1446948
495961
992617
1471369
526605
1402241
6790722
617038
1402667
6696220
1523758
52848
1426453
905797
6656569
753073
1482723
905566
1491302
6767377
1209928
6743640
324359
6702954
895492
515878
1398810
6676549
1377525
1378241
49847
642685
1517378
1317604
1508864
6637869
1214886
1503550
774813
1522666
6643466
916379
960391
945769
722186
1029578
397649
1197686
549735
277663
1474664
945100
1357732
521256
1432015
659019
6613614
6693679
1556399
557334
1092911
1487482
970924
752681
1406897
522350
436260
243784
1184500
6706104
1583696
1346834
1260713
1524366
1011944
1076614
1263989
1078020
1523688
1464073
6785068
1294242
287853
876614
1047881
1356837
6626858
1319231
6634675
1261558
6749310
1085620
1183345
334364
1576297
349251
6621027
1484197
1469836
6673792
6723788
1604736
767064
1229889
1459404
6694514
1576315
1080236
1179671
1576292
1197044
6760069
940622
1302337
6615385
650929
1391969
1083044
403397
254011
1525544
334450
1406723
1500436
811473
6776970
1555335
876273
625132
1441638
1428364
821303
1238062
81716
749918
126180
383342
1101750
1113466
538137
1088760
1121815
1090338
1461833
92255
1380321
1531411
533172
1386576
771762
1009876
356019
111062
6782215
305238
1401277
6610135
1229800
590059
6628443
6706612
6679998
6670990
620682
523120
6707745
1541621
363391
612133
1541935
277343
1180581
1033569
730008
6760390
949310
6671437
456359
1310548
6763381
6782428
1332712
6622172
6628353
6748469
831166
598850
1501221
513633
1363768
277851
400571
1495382
481678
6667776
6774255
879169
929131
980522
643212
688588
1091935
364905
6692169
1214478
1236635
6665168
1309591
6695431
481710
6786860
1374991
1476775
1442409
6692325
1409084
770275
1285296
646268
6660143
309649
1050440
1475846
937461
1408495
1016380
6684805
6757706
594290
1078195
1307422
919223
659432
1385560
1248197
1248774
6656717
725057
6683404
1111862
6758876
6652909
1012441
1442661
332878
1257795
916771
917516
1074877
1359944
204876
1518095
6791250
1381107
844513
1554004
1546323
1393129
507118
1033871
6763627
263099
6665241
790644
718797
401847
814060
893559
790551
6758208
1433517
487084
275592
405788
1424888
1292906
1498751
396593
307827
1525243
1225774
564083
516322
6723860
1326601
593915
1033023
652289
338239
627578
1423747
584402
6783706
722594
1202927
529815
1216564
660531
755470
1310474
834888
1274161
1472741
905659
1574330
349316
245689
349608
818210
571797
6673919
1151607
586679
834786
349304
1487305
181864
6764203
365309
542875
1451845
1508492
647138
1557883
1428708
6727799
754639
334385
695259
557685
1552110
1101310
399123
1230666
919703
1398135
1189058
548120
1574161
1095513
277984
1248229
531364
642000
1487608
492830
1449249
6667808
1428318
870458
274728
1500721
852134
1534398
895895
1594739
1441485
1354833
6746584
768708
999711
6637509
1385270
696955
6713081
1520014
6746837
508973
1224938
1079986
1209039
788608
6698080
1356757
504752
842660
6740090
682037
1028835
357143
6634987
1573638
436117
1101939
6615604
312775
896374
1154042
1601084
623686
263913
555782
1300951
1449738
6772459
1178636
6648867
6719676
66681
823149
759104
600654
692555
283573
1551007
1387105
1070739
1600451
6675684
6735935
6625910
839497
1386192
988713
1098738
387478
1321117
6746691
1387295
6658926
1311367
6610254
1117558
891049
1161556
6624867
662778
1544789
1261066
1512904
6700046
6667029
175731
1096682
656578
738825
757088
6738902
1292106
1029496
613734
1385943
1461171
6671089
1319546
563734
6666397
1213579
1573511
898809
1464712
1570235
1514911
1451924
1199226
1519504
617357
403976
1382739
1250660
1132158
6620524
1522168
813196
901772
6621798
1545465
285620
6627551
741917
676555
6728816
6638788
1250129
1222044
206985
6679027
1473393
1453405
6677160
6703717
6680525
1317746
1532267
621620
907681
690876
338959
771321
303720
858748
1229791
616862
6792625
1287771
1366417
1526588
1250893
697427
605920
1542869
1486830
6715517
379130
1220899
302695
389460
6652688
761782
6775465
770879
620002
516232
6679200
903717
1239923
1132673
437735
275746
542582
19805
1426218
58406
534685
1049454
1012653
541024
321139
1008319
638043
1376854
6720992
506993
822428
1404124
881495
649246
1376586
1464481
110869
1158723
773744
6675126
798749
610190
1575683
1522278
1089273
1525387
1196130
1557213
620174
1195681
1486335
796524
1358736
852143
312712
527823
602233
643764
1025472
1259737
6709324
1051081
1424816
1353336
6708280
6719335
883974
1305530
311955
126781
1513891
1530001
6699797
6751584
1155553
1035515
1283914
396861
6766895
6758343
1406902
564976
794999
1261249
1384732
359520
1606112
329462
720691
657161
537619
1181471
795628
791285
365955
1040056
607835
690368
1568189
1496461
1227145
36301
6612326
6714876
1078866
698228
753032
1355608
1029843
241678
403605
896614
1572546
577511
388149
657181
778718
1421834
1110144
695105
1484960
1457252
6738230
1247614
1109981
641024
1544225
344418
757306
961291
673819
636319
6745158
210338
768188
1481512
1047889
818924
6669253
485313
514953
927458
1437959
6770245
6645849
6609856
322380
6724759
6718672
1501431
1517569
6698563
640982
283096
6647309
327994
6790784
917257
987811
657165
638299
262919
1598442
263539
1471231
1468838
1091702
1321315
622348
6791024
979718
921433
6732103
560323
1163860
638146
747693
19668
72647
6738347
694507
923543
1049619
1030181
636357
748253
1248181
1009199
6684907
480822
346259
665482
332430
502899
6637018
308234
1304858
6675755
840770
585279
1463832
297125
1400002
1094445
697640
6654425
6792548
6742575
1569874
255163
258440
1577225
1246331
1574461
1094782
1182326
650570
1121650
6694730
1046376
356026
6672694
1526219
1071808
274867
1541463
1601147
724710
6625993
522681
654379
1283410
6748173
1384436
1262428
1248094
85108
6681605
1475746
1229591
834038
6668537
503025
1337604
674025
1310818
1570713
1485761
993962
940537
1345396
381999
6645872
6790142
6654333
6666353
6711225
6633301
623151
980347
6628420
6624063
1099626
1472867
1426239
939858
1598358
363852
754074
557803
6629963
1485343
591667
895579
6714170
708812
949077
1072717
305034
1352635
395677
491155
1568479
282094
349623
1320133
6712350
1310221
1534350
557977
346502
1472218
611782
832616
689045
359944
636991
357310
1473929
1396254
640899
6761434
6645553
1028512
385606
562848
6772025
541128
1223021
6676079
1000796
6681531
749737
1377219
227057
6720175
6722582
1603013
6732559
6609187
507494
1295703
1500949
1549554
1284629
1110729
1112522
1477103
820913
908544
6645404
772629
1171570
229578
662710
314276
1179064
1474762
1170672
6656544
1140271
6691145
480465
1478747
1236314
511229
6748922
889131
1113523
6638581
6658556
6637366
6609974
1466440
988220
1333440
616769
1557384
264737
518813
1364620
1520117
1446051
799139
1236793
1469837
762157
6695238
747526
1521422
1338458
346058
6629191
701582
375681
1604219
1212601
1408299
6653712
1451239
1181306
1378103
722862
1358458
766695
1329357
6648116
1454173
1598827
1465223
58143
6756074
1527328
6697359
1434327
1422863
102686
1157830
1451246
1549528
1378052
906024
751520
1358282
1312936
1247364
597727
1368055
6764489
6703948
671144
6668781
286788
636901
1319000
252982
1355123
222016
1338701
333228
1185408
323185
1346419
1334803
1574394
1041251
692344
938743
315804
980454
1377944
1497201
1465758
1232077
1377876
295757
300096
253509
1556617
1215004
1184876
6643353
1376766
1226651
335905
438109
1259369
857401
6636368
6677175
507704
6629581
1382357
6645959
504554
1336679
510624
399645
1387936
390695
1281512
1044876
6631227
1151815
1516881
776239
1383631
1605402
6726288
1166646
294662
1369208
330919
1390513
301603
1397516
538322
1179728
142958
6646740
1412257
514015
1406874
1411753
6787252
1236181
388394
664647
1070635
1338584
6652869
1315889
502547
1292569
1217337
698198
1508282
282112
6747146
6793889
988498
597306
83537
295697
1390522
1437010
1388316
993939
1088843
640519
878176
1246233
730824
6757952
6718245
918697
1002714
6793169
1428259
6717638
1267884
1509290
1010162
322912
6696084
992023
6697966
322862
795763
6611718
72176
1078975
6779935
1446759
6755518
536797
1195727
667576
238820
337920
238820
79032
1247165
1031908
1380564
6757433
1451967
946218
74780
580574
810089
1043677
400886
1499107
1583719
1142997
1040457
1227131
6630554
649967
868225
1029410
1071589
436187
1425709
989766
1593641
991529
794627
1460600
1447682
1271764
6623770
1481149
1438625
603244
854955
1053297
379699
1043891
534776
1476337
613445
6778993
1556358
1530966
1309545
1438225
625727
590530
1438111
1222034
1238365
1214072
6786895
564937
1429490
843088
6623426
6747394
1359104
6669780
213900
1524713
1207593
1378543
1551035
6620500
6613074
1118939
1313404
790355
1210112
1331475
305576
362721
853974
1462875
1084838
6747049
903974
1283619
6655190
574585
1223460
1413996
1450090
1457839
1089861
690510
152390
600818
554245
751301
1333561
496929
620075
1320162
635841
841787
1291374
298643
1422281
343176
1322468
988631
176153
1334016
1158840
993699
283235
1226757
1422873
560226
1533945
1474340
515707
6776366
1517362
1398170
695619
257752
612759
1550482
1360972
389369
6683257
690310
678548
68967
6684029
6788872
644689
842778
1554267
6772621
6741615
6652811
1032833
1071159
6702099
830852
877098
517485
626151
6691437
1477475
532843
616261
1221414
669651
319858
1222144
1487286
572367
571510
6632562
1163192
530736
6683406
1310763
1395272
1371794
854915
569711
152487
387137
522139
6632720
1202522
765232
6682300
1408505
6792409
1410033
1445666
1544697
1091584
540627
1103958
579471
855328
328534
1220536
1527370
6682264
1444365
1052257
821999
1055336
687706
69339
784382
1444459
1220717
834440
1333130
902894
263618
6760707
6773080
1408405
1379258
968882
6787727
1293886
768801
6760693
1088846
1225052
1331594
6695730
6680425
1433300
719561
1320268
6729142
957065
264365
1445640
1463512
6768160
1412596
938395
1453074
1227244
819955
367560
1008786
397932
699669
829630
367289
753142
960527
1487531
6700126
990160
1556890
300437
883013
569047
862971
1215505
1425881
1453994
6641730
1009003
674736
578075
6706528
1388250
1594223
660832
1091452
1286874
6737023
6710136
929710
152059
295464
534702
1523114
93008
1594265
393290
726251
6776687
652504
1359010
367279
1345101
1189402
315592
729351
730093
1215621
1008757
1224466
1347767
6625897
1521196
1448236
6680654
772453
69811
1220191
646735
6628153
818048
855364
1354828
347708
6705429
6693419
1604050
1227008
1533580
1493144
1274366
1344577
6634485
1152696
1219607
1433074
6639742
1511219
534244
6746906
652877
1461780
6683281
1190172
6655007
1548132
747847
614840
1517643
566626
1217123
1202198
1248946
728922
6735994
1461576
1593412
6646289
1444642
6651195
6624882
6770090
869603
1102450
949343
573027
748103
768163
508966
1068620
795787
6781805
1464609
995105
6777091
1473104
1338497
1091277
258889
1284219
915940
1473764
1141227
762209
841515
612720
6745472
784984
1592636
1373948
6634824
1127880
278733
1043076
554398
938484
1349091
789291
856719
1027715
857286
1250553
1182359
913003
63654
1436408
262849
241616
1398284
1510349
857354
754466
793280
623934
534220
6651065
1188566
236194
1158195
1163803
1322766
1364324
6644168
1215286
1092520
1510864
1215166
901969
74467
70576
69015
301632
703507
1447970
1599409
1199810
1434829
1287994
832058
524324
109516
494057
18570
6776686
1425372
329490
1391433
819493
6704154
1102605
1228871
335825
1319322
1150714
1026159
59491
1157045
747291
1247980
1273149
616476
763253
6758550
1594806
1440402
1385982
53326
1196568
755310
618223
1301729
262245
6732783
182721
237922
287958
916413
1263151
1466565
1008496
390464
1366920
1579855
6764435
1277284
1430522
754467
1324547
1144669
1481048
1188791
942213
6642246
771157
1086021
383445
6792317
1381892
392845
614872
1526303
1038848
6650858
1544696
6747282
623914
6704659
1479730
661432
386195
905959
969699
968991
598152
1250061
1122105
6755856
812983
1457820
1027050
307006
6774031
1306528
1231352
283607
6703268
241449
6700922
854856
6610409
1153938
357426
6635576
188580
997247
286420
1120584
283613
361904
689588
599063
1126546
715211
192864
1157490
1293270
202386
844179
842841
522320
390318
830199
925486
1377435
6719737
1056170
6766639
1173162
764220
628721
6744227
1350945
260972
144919
6741520
1530696
6709770
6673386
6756651
6724415
6640833
1079923
564948
440405
1063330
1555924
1125343
6758195
349160
1132378
536249
900309
6765299
1274461
1364817
916430
104890
911875
660363
1574273
840360
1349064
145764
946016
109371
1529014
931160
774177
1345497
6683821
1428447
618239
665016
564823
712162
6774943
872517
877571
521020
601634
1198226
1360868
716332
573004
6642833
586150
688664
697087
1494488
1360981
1183626
1579159
6733361
1462196
1372170
1090839
787856
1202104
1163240
6733979
1554508
822701
1231360
6778881
616060
1591237
1350744
6708611
563453
1180441
1568036
6649670
6729003
367531
1529693
553665
1594115
1216390
1499282
710735
850268
670135
625537
1250518
869996
370216
328669
1090300
1521627
1568025
1380906
796956
1179563
840459
1585009
6739286
1518192
6657517
1201388
972033
1394102
726065
1570457
1391902
305120
1524224
1502270
551262
298521
1201508
100210
1477802
840036
1284452
1079461
93402
552911
6658517
1435473
253190
134916
6673398
1550929
6727406
6633353
1483371
1055137
393123
1113232
6770999
776717
1369139
834737
190690
1132421
869976
720518
1163165
1078520
1462171
1500729
1529664
1151502
1178978
1417149
6766867
637740
6745779
833476
313914
791708
1598887
1028459
6730071
6693379
1498490
839557
1462254
351149
1171999
692297
675347
349513
330833
797235
1447610
6654054
6654254
1433408
1202544
1506381
658185
882687
866446
1049022
1488045
343118
1287898
1515342
6626744
1355870
1307776
265450
1399127
1344944
480477
1196645
6613100
1400291
343114
1027405
1112987
1376018
6774530
371361
507790
1040954
1163166
1364241
961134
1297395
795098
708745
1008614
1425296
6778600
1321476
1189430
1069608
1592351
1322924
1070662
1168124
620470
1041071
1256764
570359
993098
1604722
491579
195824
640858
1595245
395006
1032291
1548169
1490056
1010725
632903
1040773
620190
1014149
722337
858606
1249343
1053729
492557
1462978
160035
301738
1354802
1531659
755427
1554065
6630298
1603831
1356927
543181
76640
1595139
1515398
6695931
6610777
800709
1551785
1476188
1124942
6790538
1545672
1483930
1198294
1209227
1458559
1150289
851723
1217584
369507
1526480
800707
792530
664051
1292400
855481
1049835
1402049
556065
6652471
6782786
311265
289430
6753761
1157299
628174
6785979
938629
1475395
1499074
664321
1061375
332203
1199273
6768762
1338128
800976
6745179
1410363
1471861
716665
1582675
6753822
1447132
383562
6784060
6615695
574282
843454
1260410
6758603
134520
335975
138479
1410027
1176049
615440
6667693
536129
611267
1554329
1242219
69939
393424
961247
6733219
1465773
1345542
918168
1507662
663775
1382775
326641
1451046
1517396
851223
928774
696685
1181839
6751161
759691
101476
618143
566614
152097
327143
6781934
1509621
346110
365118
1411722
937464
1344880
932149
523465
609139
1557628
6777019
628009
1556887
1555623
965856
381943
560478
303149
1526072
1384200
1510813
254167
6621812
6677653
588085
1251404
1555017
1423295
6714310
329037
686090
6639098
1441171
6656332
6630807
568847
436206
1228530
560338
1288500
638430
871262
1594984
181842
6776876
1042571
815434
342842
6639430
379965
1347509
6726688
1272432
857278
1014532
485554
149893
6670319
895173
596096
1477438
1181387
633265
6636944
6791224
1159439
647669
887259
647669
1581843
1468741
275742
1365475
488174
6624013
1230689
1094661
503995
557726
6695282
566434
115462
402969
285199
6609154
752366
1328811
931425
527381
6684531
6715268
1150424
6624103
717671
971703
786078
1224306
773277
615025
595553
353623
6716371
716675
288587
1161228
1525262
315783
6715970
507877
1129968
1488266
392884
1171183
6657926
821560
286846
1424347
1525083
36397
315798
900244
6656767
1103492
6717541
1395430
1102007
507312
507430
319415
1251638
1034160
1217875
145944
307882
69190
153938
6742489
513343
6698177
720602
1528250
1049946
709346
1391049
1328650
1392194
1240033
523469
1025988
1595302
620484
1595302
620484
569181
6685386
1528168
1261747
1399585
917896
1240032
1389172
1518889
711761
1319998
1112031
6639193
1030884
1059838
597797
613739
1608283
6643362
357932
530199
870140
6701280
1329529
603509
569631
1276181
786354
632587
521547
1454593
1373247
1181181
688537
260435
1568848
6789753
1390701
6629651
919386
919400
384451
1518834
718156
1162874
404386
938733
251410
6707747
6622072
382248
6690415
6790479
1517817
295486
1570406
1287961
849054
1089456
10821
1307079
531031
632816
6669193
1153340
6680862
6720044
829174
345443
1423352
1179716
1600317
1292620
1535525
6721561
1152407
10820
99226
343862
6658481
1250972
1410849
6689949
1404042
6678551
1053747
1351169
1604875
328255
438077
6670741
1227887
892271
562868
1048998
1519557
1444374
323780
1053595
1576485
1511109
209196
667406
1497596
1169537
832562
537542
1209472
286217
6621703
152242
178486
1386559
1412294
6749520
481340
762865
1101021
496735
6760927
594587
1549022
1364175
689667
6667275
1122149
1532829
728543
6706278
562852
1364552
844377
1141829
6667285
252833
1532694
879565
748324
1355133
560858
1170507
369469
6666296
1550810
1507221
1076042
511280
992537
781505
726287
1257705
6659014
6689417
1040147
220691
747319
990032
498646
405771
1387938
1541861
6787804
743132
1484793
1381511
6748186
583940
758537
83883
815638
701024
280209
731469
6696398
1395523
6783427
1028097
6705767
762286
841097
1007877
524464
1410732
1349254
815857
6733366
1378445
1039672
759975
66515
1118486
528414
1062439
1275576
990180
1187368
995612
6682208
6738920
1360546
637232
64641
527225
1467781
273434
6633500
1059220
338301
558942
1556756
615915
1546771
169783
1128837
1051453
1522753
6750256
579686
6726849
842129
71928
328643
508534
107367
6793077
810293
244770
245151
590901
395123
443091
1433899
6771198
6609088
71170
1052761
1161380
1123404
1453188
597141
6747470
772218
6767197
398102
1237523
564390
636129
926503
1522681
6743546
342870
820133
6641081
577580
1494279
6794963
1427657
6703670
908632
6628981
1411494
1436183
940321
870806
400438
1161886
1287056
896463
1600216
6789305
679341
6694515
809926
611089
1465285
356069
548021
786080
6752572
614346
1514480
6623859
1228108
1155599
1334633
1460575
1239067
1601030
502502
1379457
1009750
6794747
1181956
6744261
1338696
614479
1401689
1349204
1462156
6710145
1218926
1582386
6675389
1075010
6647855
986499
6779465
6653876
1452098
642195
1154211
824229
675001
6711936
1583422
313443
808234
493629
838039
1389350
654296
6645672
6692241
6666343
1089914
1075618
1344896
1397870
6736228
533918
1474780
1521890
385603
1463081
1454503
1575397
6711950
979961
772441
6739741
1156454
6695429
1445630
337575
1570700
1249193
1245231
388404
1453956
1308424
1018727
1518120
942007
1381818
6653450
624361
276104
1601629
134010
6756518
1599652
697527
1102790
1025764
6735292
504419
528868
724206
6625405
622171
1332211
6625079
560317
6693526
6782781
459625
614057
1592997
6690871
1283952
1490109
6675965
657997
1303502
1457979
1390577
930749
1091535
1470329
1183686
284128
1551826
6786434
579746
1425769
6780767
6722279
6645912
1397297
1605880
6615787
1444834
298226
1217807
400230
596686
6792188
1184866
1294609
6748301
1288128
6753455
1118373
1454447
1494807
592293
6694795
71513
122611
1519338
1112118
1419928
1318537
845117
1408614
6720774
1546450
6738575
387286
1394791
6742584
949004
880501
1084459
1156540
1478655
1272313
1543189
697171
568831
1462414
6693030
1382904
1172260
886806
553708
1219574
1456632
808409
1386017
1335819
1283129
1594179
229982
1145663
1192883
6696490
678453
6743077
1345346
6720780
1425129
700965
44641
986936
1460142
1374199
569376
1232312
1439880
1196548
1515520
1172814
6705342
755577
1578771
1056326
511649
1418173
6733071
807108
784884
842048
1421409
6687854
408141
767497
760230
6741326
6615316
6665846
6741289
1081879
6754084
1219056
119935
6659657
1400548
337566
870472
836515
6649842
6761010
1228013
344623
1391426
6761816
387144
750791
1485843
1581018
6784804
1264773
620769
384421
57259
394566
1452752
1431680
1597227
6760453
382632
738451
584272
1544655
115653
1172858
1517458
6767769
831583
1517907
6639192
1380701
6714712
80549
1384702
600417
237564
966330
1571055
1355365
1413135
531498
6707521
80550
282189
817833
1387963
6693402
1472469
1462847
1310203
1119566
6748316
519332
107821
369995
1112613
6697706
391997
493219
1425634
1118592
6729108
501644
49469
1061258
401711
1152915
807870
1494255
527596
288007
694444
6655843
1362318
1412505
6785460
6788419
1436919
287795
768500
531347
6700620
6650511
542453
1407310
718029
1102280
654538
756001
1552527
738037
1068270
1409914
6640080
736878
1119068
6757890
661198
1552089
1251331
1164957
653770
1522217
6745058
505141
491844
1319714
6648323
718335
6787432
6657032
1419553
1599283
1556940
6733716
6643956
807873
1470201
1455899
1552807
1482786
1010902
6769107
592055
694141
1552449
1185251
594199
6669586
1119728
553014
1553698
1274526
553280
1290785
523318
6698050
6745332
1053338
1401707
6710438
6759143
763843
1440498
6690789
53449
1606027
283087
520184
409076
609643
501513
1011149
6793153
6742983
286094
1249871
126070
383686
1458008
1221378
1239516
6700486
801408
635268
6643713
723155
288662
556780
831017
1432232
512692
1443177
1151804
1472688
811122
1110781
600306
1549300
1401077
833645
6722619
6773715
284809
731648
1220502
6652965
317826
329603
286000
769268
1457812
1126396
1045161
949339
6626368
618993
1599308
1393992
728262
6645549
6782400
557495
6633180
725264
6642388
1213088
867422
1129623
6675689
1256669
701718
355101
664003
104709
650999
1552675
1318500
327173
1151714
522520
364203
925484
6757762
868897
1138718
1409058
1073987
892386
1091514
1031830
6612321
1032022
818182
6764122
514599
680983
939663
1094272
724295
327174
327175
1381211
761353
801287
751891
559930
6790413
286213
637989
403229
605251
905120
899924
6736507
392296
885254
229914
1276547
1380798
6734539
1099449
1321973
540559
6722113
1038369
1543686
6702729
1275624
1578645
1379197
1161977
1427572
661749
1494765
295195
323345
282816
1047958
950124
1060759
1221917
1221363
6694188
1605157
908724
1409730
651106
1251445
1484215
802103
835277
6655798
1219512
1061577
368123
1121913
1008021
1499330
6771785
1020531
1446357
648888
1401749
1120202
944781
923561
622491
1423808
640438
6649878
1282661
1411710
6653762
731137
395956
1140460
626143
739832
6650837
1510635
1229262
6763942
452769
772336
321744
934874
1497279
1281878
1424754
1035848
375718
245378
1519831
1153236
1226290
6654374
987812
262131
1098252
106312
582827
6688439
297258
1433142
6760432
748377
795147
991039
1375208
6615176
407531
940911
828109
6690106
6632403
194202
1235445
75030
1390241
610251
6753828
1416360
1601758
1337618
123812
1470327
1403435
1550010
552513
6753855
142590
1436012
1295862
1120345
6747424
532773
1505717
1536215
614002
1498762
644572
6746230
6719088
1140645
1424050
303016
287012
295279
1007189
803330
1077956
768459
6737369
1511499
6636906
624814
1515686
550721
802072
1040523
512932
353979
6700757
1519505
1541895
6644798
964143
1602647
619775
492874
6764594
1222651
236390
687082
6677587
1029044
1473673
6698477
1294289
490776
1106598
274854
1391205
539589
6659334
582173
1224449
646224
408131
1574534
938061
6690157
1015573
735211
6713871
1225966
6727686
1486966
1260440
1577357
870427
852716
171594
689984
1326200
6675210
547297
6698216
6754691
6734721
527448
688593
595613
6654234
721252
1440579
333933
925893
1488689
810785
6706486
852403
979489
322738
1269194
323215
1606797
970611
322781
1530902
798417
284997
1105715
1568862
1232273
829161
329581
796494
652215
1356592
1422099
6789769
1448804
245880
1341500
926413
1335594
765748
6630696
365058
1039791
400228
6712643
6776134
661124
678801
1478796
865153
6790645
6754286
1544470
6670194
356498
696155
1607480
6751096
1153075
340702
1271810
6727173
289037
1495249
1306889
6640657
6628621
6713149
715199
6764129
1071053
6740701
1408009
1353093
6660877
568856
1402961
662950
523035
6697996
1221908
778026
346055
763954
1003384
566861
6711404
920339
1607776
1403919
546824
1101865
6779660
1511118
221229
6742652
6701367
1113322
1054519
1407556
630568
73915
1168952
1494585
6785659
1544112
1202357
789867
1430253
895459
353232
1224435
1121613
1432283
493910
629348
1407428
207058
281320
768211
1471676
6715860
651105
6766173
1602291
1332852
722183
1423991
1283510
1520015
1151840
619175
629929
637433
6728700
401882
1427199
528701
1297609
1170544
6765942
84791
1444798
634596
1594793
6753858
1599148
1359546
6642986
130382
1156343
1170554
1406717
1477545
1597611
1406241
1291713
929563
316757
483736
1106618
918418
6634068
6622054
6748431
607491
1486363
1218477
6632917
6667019
60156
6675089
1573934
757165
1155454
6648888
1028903
6711449
950236
6640177
310324
540441
514627
340545
992303
6684931
6669252
823725
574704
1438210
6725512
1451509
636039
1085831
103694
6689864
1285149
1511402
949361
727970
1132373
1438214
6722816
1026248
584421
1582075
314320
215775
1441465
6709941
6677868
1244370
1381554
971473
1348870
691637
6642856
1042878
1230863
491329
6734473
819484
1245724
276290
1388990
480906
1557113
1573828
677075
6627403
6697502
995458
6657020
1570497
1141304
1545351
1381545
688662
337313
762401
6752512
857723
6714872
382908
6786583
1100040
590490
1333359
1407820
1423520
272824
6698428
6736640
618146
6790912
655992
1209119
547194
1479979
6767469
1427224
6768280
331575
6740161
1302488
1264848
539467
6623499
1313909
774139
6690104
1515256
281134
1398184
64582
1028503
1480600
1445533
1114199
1333711
1489363
1358226
1594540
328740
367352
508495
1294206
611092
892560
402865
1007830
1001017
1465905
1021299
1494695
1114179
6733347
6760441
1181274
1485181
1385489
1261730
1332747
508266
1603461
1545868
1190402
659182
6718886
1383564
1476256
1425563
1399398
1154970
282889
6782929
1429448
768853
1078163
343204
849858
1313208
487405
259236
6772940
904802
1008591
6695927
262995
1576723
688680
505933
1286527
6620972
6730254
1383363
329134
1122738
536304
1402724
6785995
280763
301526
1422899
6647362
6647370
1451317
6696024
1032554
1157565
1431988
6615497
1412934
1061896
1602362
1037302
1157154
1337619
678043
6692091
491977
6775698
1397165
6792733
874364
1378313
543837
1162151
1522220
1042802
488655
395538
1249226
395507
1110435
1213371
6739235
395539
6756990
1346459
1398953
287708
1530875
1183801
573964
651910
1379385
386399
887517
386399
887517
1164469
6782479
947809
6733137
1169142
1452044
1421439
1154039
1214106
726874
574496
6645245
6738628
1224032
174101
1443961
659711
699377
1287433
6765862
1489608
1454301
6625805
1399893
6673715
1236423
101401
1549973
1596398
1028581
6625381
795074
338739
1345855
6703825
591348
512709
1331354
1439074
1331291
1401103
490131
6683637
6647152
6679127
763528
1484983
769732
1601037
1594312
1212403
989286
6692694
6728116
395252
1317819
6660045
1092832
6716335
99124
749907
1180400
929988
674047
1545689
6639159
6787718
1525212
1228563
6767499
275563
762635
381428
769735
1546654
527908
6653199
769722
1334715
6743071
493519
582639
6744346
6767686
765203
1251811
1480193
1602446
1047796
1481275
1506866
6610691
1503468
633189
545373
665355
1384339
1552359
1348772
651588
1572047
1422967
6658255
1190445
634828
754485
691181
1302434
677957
599468
1440996
6704172
1555731
6665433
6745453
323055
1076395
1238913
727408
917123
1388352
6722360
206933
648599
900243
6751457
1471578
757938
1140197
1506522
1454028
1372649
6612258
311377
1085179
1335274
1374095
1365238
545422
6634212
822650
14139
1173012
6622873
1238775
969712
6782784
1442604
6725543
1447261
607637
621666
6719139
6637321
1123888
6690585
1332057
6727130
1054684
852139
497242
72348
6747711
1570222
884143
1104645
1390227
1495311
6614787
6647900
1294484
6712258
1326066
1515206
1043244
21191
6781077
183394
183753
1103913
6780100
1035274
690715
491350
822739
1153513
125656
6764170
1475368
1135855
6625315
839462
1541460
1178791
688047
6780574
1031622
6772851
17807
389716
485659
1336316
6685045
1355583
1391945
1579468
6677047
104021
1235516
699414
1260931
601130
46548
293343
1516313
1488663
6681325
1319055
6777244
891239
1474964
337088
1496258
1255382
6639390
6651316
738669
64544
1217363
1224421
1474657
692138
637608
724461
1294363
871137
1525717
1270250
1182614
346760
1472565
755560
729087
1206589
1454384
1506318
703394
591865
763574
1305366
6773175
1272458
403923
1573751
166133
1427758
876234
382179
1070459
1181091
773083
1578313
1577104
1551253
946262
155483
1131732
1047724
1033063
6753077
296113
888899
988902
773134
751868
1529280
6667605
1448147
1401607
1485069
1601849
1158136
747358
735935
1156471
6692108
1351470
330386
735936
843727
166108
81724
1486770
335159
851457
1475124
579067
945799
1381597
6680621
6657863
578591
557581
1464330
1028702
1328695
870642
768593
648453
6745972
258221
1535505
1581996
6644149
105554
6729602
1043311
1283743
6679203
6637035
509755
367595
1230968
1491040
1443247
665442
6745981
768589
6628710
1516605
191341
1392677
872025
1528913
971220
485846
1179962
1221553
769176
283327
6624066
1128618
672790
1532819
926834
1042301
536128
1527216
1553500
6636776
1381532
1497509
956798
1033591
726455
692318
1399741
1462790
1182719
1158609
1497493
828366
525622
268824
1075006
492897
492640
1606362
6714656
1535475
1153286
1377061
1430383
248110
819291
16632
832604
794423
188908
1009334
6759090
831539
1409418
1410722
813459
945965
668198
275774
437564
731843
1023050
1459838
1371427
124659
1471020
579010
1133376
153778
6748876
1491429
891606
863507
1008725
199284
181446
821825
764598
891632
905800
6789476
1391417
752708
253139
1605179
199277
691602
237341
566880
41849
6683254
17156
186324
1218536
1457298
613661
1246078
1378452
1576836
231495
145489
640889
1384544
308441
200627
619958
640605
868042
1071430
6759307
281447
21249
221567
260302
913236
1455983
277407
6780398
578998
6756884
200911
199279
1496528
306922
1311759
6761563
581147
1464771
199278
690890
1353717
1105944
1129471
1266107
1589448
527142
951489
693209
243035
597849
689741
970922
1408381
1035290
1495116
1026521
1434473
926091
1425496
289690
356274
6632242
1322547
394644
1125818
6731107
1394629
1420803
1035361
1420781
1115303
889647
94187
748112
1039547
6788842
626522
1040333
6681245
1052505
6731431
1441306
6694638
1035244
6624232
6755748
209189
1006126
1571388
767760
1403998
1274831
6733154
753379
1163970
1480240
1389231
1063439
1036865
629216
814165
193588
120955
1444018
6774307
1030122
6681822
1050661
1517737
769440
6718693
1599845
1237220
6774598
1460430
6736358
610889
983948
1440118
1385111
1047656
842869
884060
6644397
700142
343155
1574378
1608512
1034140
915876
881842
1224782
1091646
6674146
1250574
1284194
6700362
760021
1155617
600437
1006467
6707004
274577
6673322
84510
1019788
1458362
598147
6730643
1380843
823073
140292
297419
6728294
617404
1575990
672785
1396727
370314
1051716
1031649
136282
660517
6749442
1260677
356773
10468
1277914
1121762
732071
119218
1373532
1141791
857531
1554319
629295
896649
1068231
1404190
661564
1284980
311625
1345031
895346
789876
546690
1152936
849901
949182
1101317
1237035
871832
1373852
386043
497143
1218282
598462
397135
588247
1160201
1423677
496387
1400413
1238038
6640502
689348
1319564
543514
833118
1423178
628771
1121816
6747819
964944
729828
6717377
1258889
1473910
717756
1026095
6638024
6638019
1599137
764181
1493008
1050804
1509861
1532901
1030642
6665996
1472409
6772070
1309309
888240
6677441
1476586
834785
402798
1113284
1465011
1430543
1506927
689573
1573720
388178
74802
1332121
6780643
791401
851578
1429848
1164589
1506891
1356428
1047299
1549500
1482980
993070
1199242
369974
327209
1017675
557798
1518315
1195296
1011548
1258529
85174
1506158
1505345
363372
342099
1068498
979930
581338
555461
1502235
1117620
694120
1151859
140785
1583606
6710212
205647
6681637
1273310
408232
1009017
1308998
1530007
1308986
1583245
596651
219277
1572842
1262117
1178933
6783000
1468969
345316
276528
524360
829521
74293
1310518
1597318
1249416
6693282
1187192
917802
6776943
1085420
1033723
1412989
1522535
6732574
513405
917106
511591
6671812
1449569
762309
1009038
1478628
1169261
851565
1186374
1251376
1164631
1034763
1117865
383050
1347552
1300696
849445
1471232
647354
959179
62504
1151404
726083
1534092
948737
391113
1293180
6620928
70464
1368170
850316
537004
1170449
6762927
1223561
272042
1262284
6721309
6758379
1509003
722332
1579699
712332
6789707
651210
282557
1601470
6726026
806160
6755501
1423584
992549
1246244
987026
1599640
1138858
669739
1275423
1262966
6772100
27581
757722
1044420
529637
767381
84701
992903
695713
1042687
1556018
698284
6777062
1168976
1200348
6744670
687414
6707059
903516
1180075
944963
1306710
6727354
241440
1580043
793729
188565
690939
727436
204152
6747978
6660809
1023618
404605
6612244
247032
793471
917429
103189
598953
6691089
985470
940391
27552
355798
1512168
27553
1236837
297145
301167
297845
201318
1495967
1582509
6671331
391427
1172166
6685221
6613090
6612055
746856
122932
1475187
300525
1487578
309303
628351
1607420
727876
392382
1575437
1479034
495723
777127
207655
1273873
1291932
6744241
1135421
6679908
888414
1520886
524778
1191319
732047
1519084
1471955
1183015
1464276
59059
1408522
699606
6692918
1038600
949757
614774
381836
804456
970076
6784085
401693
511905
673733
1601376
737832
634250
1187100
1485694
1293387
1409583
698255
6611375
609053
295622
336545
1502399
70551
6610918
524727
1595151
1012139
1154577
6714122
298647
599308
1434648
1377774
1570629
604127
504391
661105
888222
1372784
569140
6731091
1450862
765268
762886
533282
800482
6784741
1505886
696732
1486711
1555509
688692
1575047
6707657
936184
1235695
769854
526823
789222
1446859
1314420
1509521
993246
494359
1183698
6658427
1234386
1549598
6624517
1173082
6613535
6704762
1436459
1575360
462693
1406323
1078539
1324223
1386691
6665546
6709639
1531428
356242
1310928
1035630
1076202
1548984
1359410
286831
6744332
842691
1545275
6742745
6640947
6767736
841330
1391622
1486187
6773416
833943
1528414
380221
1604484
6740966
1592409
1094692
1185704
6659550
110812
369928
6722606
6675657
1338422
6690647
1556407
6675823
1158447
6625450
1598404
6753664
1477226
1121573
1069923
719155
1289653
6776881
6767389
6702757
994949
480933
1330591
590311
1398354
6700609
1297862
1344851
6715316
1428488
1163645
1526661
1154482
805345
6657839
1407652
6755648
1157558
859434
508543
1434536
402790
1550385
1474023
6769165
995720
6645754
141244
724726
6708847
1176876
1606545
6694227
875286
401859
382365
767765
1547530
616826
591052
1471772
374791
6634396
305096
6652981
6756417
1471520
1283649
1593704
1294705
6780002
6679213
1263158
1227185
1147430
6640226
394759
50226
1329120
496778
1099819
388007
1231922
1293077
748462
149229
6719791
1031915
1283566
311357
1431080
1405240
6673238
1357216
284956
6649871
653735
206601
1482035
1275579
332988
1449295
322776
1100027
1432666
676354
6647027
766756
6721443
359019
1346364
92659
1406625
274519
1507185
6677425
1594020
1555313
1249336
6769110
381994
55056
882603
1422617
868584
487504
1044952
571528
1034221
1601756
1077330
841663
1293888
84630
6612859
1032922
1329687
1282675
1429575
1594959
6654185
6644163
1104931
1503812
6695691
318372
396310
843109
6705961
1273835
1383552
1601248
6680125
1196322
800370
696132
6766898
1496750
1270768
1599937
6791661
534867
397489
1165456
1383047
1469445
1367793
6609081
1510869
212618
1463806
1384785
666141
408191
6766575
941133
404614
384008
1393657
1422319
1293801
1356068
6752914
1275040
6635223
944029
281461
1324942
1436141
226124
516708
1180479
6773977
574487
974195
273753
119036
1364679
6671129
276566
6717061
530414
675195
1284531
6670055
894850
952344
572626
6726074
1420040
617523
1454908
1411813
595656
327897
611528
753227
566328
779312
6681137
1224770
84445
6708819
6731094
6715979
1478606
892737
6709805
753613
106794
766785
1420982
1329712
1235895
514248
6790724
1129771
6722011
116915
179954
1366702
344508
483776
6674880
1197815
1171095
1158338
6660038
991884
104864
514237
355458
1208468
623892
179955
142478
6710693
1520362
1027457
6775722
1476926
1060954
1171943
1582466
1445248
778152
349740
675172
6735739
888919
770735
1165198
841309
1437455
104119
1381759
388370
624093
6772993
1599167
1061050
1510501
1431937
856418
1441337
1411057
1152216
510535
1404038
6783888
586183
6715110
1471887
1433275
1604315
404502
1426071
1089472
6739980
6676868
1130391
760247
818056
360656
1550561
1450281
395298
1450281
279294
6702021
358689
6706776
1345859
1126101
1049642
629595
6780623
6788657
1449391
6747064
6742199
6758274
1336451
1293617
6692771
690629
1428117
1405951
1088358
144769
6731723
1462738
1380957
281674
618243
551107
1375012
1210046
771628
6646054
1121095
1507800
6770287
6746602
6660760
391548
6654229
1575789
6699523
6609545
1274402
1354938
1042198
1202714
1159093
889672
6638395
1077267
943569
111087
639446
758509
6758058
921202
6782100
1079794
1025287
1577486
6642101
1487759
6647355
6758622
1487771
6702823
675527
1436107
729003
1506295
903537
272993
1025909
389533
1309802
345122
571486
1030975
1196362
1427723
263206
6681795
625988
998955
6691239
6638186
818976
221378
1078940
584111
6711415
774983
1594435
1187635
833005
486218
1607880
1238423
317717
1461874
1384141
655196
1187200
366432
6667522
533937
540406
407949
6615776
6753597
628012
6675949
874445
6702148
6714868
1074899
382276
643440
590203
6641507
305505
1143458
6789545
1169019
899158
932094
344267
187346
620667
1230290
1356902
566183
1040606
518499
1006337
764200
6716598
6707734
535982
6785825
1219103
1502397
1410670
1292181
1170237
1232641
834963
1382673
408892
6642136
311901
1033375
1497940
1384337
351354
819550
6739650
1551671
843846
1024150
1088544
349691
408779
1208461
1440934
1111210
1011715
839279
1169308
1236770
759450
1034664
1070518
1062043
508483
728206
1283859
1306888
1563452
628580
770733
1106132
6687459
1220924
1217226
700272
961331
817484
6722616
1582820
531754
1143182
1407168
6634818
1407153
849050
893193
1322653
6789355
6691015
1607342
6687472
6628098
353471
740271
1306362
1407213
254134
301931
1165412
1557112
1334689
233428
1460123
1007176
1312455
263264
1511639
6687475
850739
1605609
1217084
335661
1221821
1493164
1331000
797457
287743
365735
773382
6636183
311564
506776
303722
1501746
1269906
1346685
976447
1330382
1427320
727200
1441812
365700
320544
772460
311267
591947
960647
579922
1463056
6659021
1229670
1288059
6787061
979760
302975
1490216
378825
6718585
1155042
1046720
1151903
296988
30108
1230697
863440
1508166
679342
6681842
279736
948900
6637257
1294624
1565178
755139
1078726
6626954
493364
1312245
949693
30041
6665156
505096
905428
313038
1283972
147595
577586
1375553
6643583
661009
6685367
399108
1251935
6683706
1506585
6611377
360189
791303
1169844
1012458
1485780
505025
1381081
849851
857394
1399800
1467375
1218404
1044880
1581592
6680996
1122893
1014117
183989
1497780
1051188
1137019
1272229
6734058
1093143
1134469
1543664
1520161
6659465
1122427
6687825
334578
52656
334578
1121691
58764
1008005
997694
1376816
6726685
1337790
6611977
1570408
1145162
6748443
584185
1090697
919869
1043372
6624006
877019
1307963
1332619
355616
1143512
109507
1050974
1111726
1322095
202255
351522
1548722
1050953
1046536
1405910
222517
849712
496861
497751
621485
1396928
495962
1568140
1234640
1469755
6733922
359816
46666
157579
187268
1523496
1595609
1136208
836071
1400505
1288721
6729854
950993
540990
1447104
1422393
1409790
355376
157575
1033934
355370
6620991
544565
1139391
71719
596486
1500587
6713702
6636945
574612
1384598
6629408
974737
361936
6701686
807981
1032401
1356656
492456
591677
1494836
1196215
386700
1046641
572075
391813
6720033
841220
399746
613249
780054
1330653
1261395
585864
340210
1546716
350006
1198848
222693
6750738
1602716
1214331
390559
6764754
1440124
1108363
6701925
1158833
1258965
279390
1393307
941145
6639132
1244380
548887
6612509
881057
6673476
1127141
6785097
1216621
6648253
558316
1437799
1208022
1027787
1608369
486620
1469033
1146974
283300
1583127
6692310
563936
1378236
1220670
492178
824331
224429
1158888
6654503
1554412
1144880
1278350
1242320
1595753
637316
1365128
762195
823952
1293715
1598479
217826
302195
1582606
579912
339730
6643552
1376162
6621619
783785
1027078
1410512
6644379
1101180
6689283
1068190
6679311
1213558
1548772
650946
1394023
6670942
157658
6765644
29872
1556329
972574
1375868
6668946
1197577
630126
238305
1318594
1478121
312949
1033938
29843
1160552
1094911
6679875
1510490
1398098
331974
6786124
550797
1262279
1601270
598409
397852
6792090
1396097
1282251
727601
991402
1496737
1139731
1577996
824875
1473388
1039470
824937
1024946
849536
677399
1476376
1489805
1295110
399214
1147469
332113
585920
579992
6750921
1310189
6673006
1068386
540291
6777755
1220046
6793547
1231300
788714
6723853
1119183
744171
1420698
907133
646177
1248119
1470536
1405500
930201
1354634
274959
1496367
280469
302403
731023
349699
6700733
750181
791809
6647672
1283067
1062464
998352
1386532
633636
6643646
1121570
1400839
1463763
1101613
1423597
701021
392191
1282524
1474060
597866
486752
6785773
1486566
402599
1604980
674425
6609015
1160236
1140383
1101449
6786837
817981
1516883
1516925
6738277
6664960
1063350
6657450
1395801
1549567
1313292
530426
1472627
1454217
1447245
6671838
1546379
509477
1347458
6669925
6716067
1469449
1551471
1117493
1105302
645482
282803
1181817
1518012
398897
352067
1118957
310160
6769856
30281
516874
501808
1447279
1453587
560378
1423480
30177
1248077
1570695
493800
871320
1239026
1360558
378749
490665
6648453
1494001
1271530
594973
937972
221136
6644166
582289
290020
1552255
564137
1070757
315051
1381093
1275417
1260265
1550262
6704257
1306246
723622
6647123
81746
6657737
1202010
1422013
364264
6665983
6677100
727000
818156
1032681
1570895
346640
1310193
1272673
810609
994300
6741108
677489
6672098
920591
1272588
1180423
275625
6657039
1070497
6683971
1549317
1348689
1159129
995040
1283434
1423648
926090
1545901
714960
281080
6634785
6665249
