811479
702805
12609
38271
1142221
543411
248874
49403
6718123
743534
120701
188315
950225
401873
319950
12623
1240179
504579
926727
1229034
76735
330605
109900
53778
247633
6766727
1111838
39200
1506138
1042877
1435527
564950
625648
843662
1413103
647377
993316
644348
817656
95677
1455322
1551954
1010147
858570
945177
103348
1218724
1075556
867402
288923
1434306
867851
530164
559830
1450947
1531978
81674
1366071
1236476
1517055
1458242
6732349
1044158
864360
1533139
1443822
761674
397621
105095
979595
896864
650840
6716885
6690285
6721474
940971
1226544
6748280
8713
206753
369601
1433382
1160849
1420783
642100
908076
493525
100171
1436740
501848
1178903
1438024
1227490
1435393
37080
1235864
39498
304461
755277
506298
637342
1079762
91297
25227
1373750
1550390
568790
130762
303536
919657
18558
1533093
940101
1229746
1046474
1227939
264072
6789935
1549801
919771
546980
1251482
258994
114561
944413
526712
22736
526634
1406192
1474057
986820
9580
489802
960508
694732
355238
1225760
93856
943034
48955
794696
559194
598377
392443
1028792
800071
357528
519219
608440
945107
34116
328926
28155
987088
773435
1122777
1332824
6627500
1435662
331540
839638
574382
123180
949782
395272
284160
382129
8729
351102
1494383
1330085
693829
303460
6629947
1401226
340369
1426877
603986
664505
986476
551536
239493
486692
368782
811042
6740392
1227439
6699115
1199456
511968
197486
1048004
720398
391151
1285905
390449
1434009
650397
766176
1330999
557272
653630
6765899
644631
979529
103119
203975
1380387
762714
944027
1060629
945647
1463155
1406948
1507318
1554067
951483
1293582
1473496
123886
6729784
948869
6709372
820591
993310
600698
1166202
547553
39246
99275
112477
189385
675757
1335712
945572
1260908
547460
820918
949952
1366387
6683424
1444169
1477227
970950
1425838
1273405
136327
261514
1293657
1062866
1423325
372901
644821
589151
261262
540466
212044
641347
791397
1529296
1555739
612712
572563
1230792
1450208
1287801
172769
261366
793904
652842
1452850
1430429
1475068
1443613
627520
768837
6729289
1381513
1292429
653646
491368
1578869
1232118
400103
1152215
627573
591246
918145
515462
1465497
484736
719763
834411
1454999
403483
278206
1435568
391720
253223
772909
394369
551372
1010387
280884
1184735
6700820
252815
1425454
1025228
1113330
6786634
960820
1262807
619636
1286292
1131057
6717973
193700
1494257
926340
906769
691108
484577
275378
547922
1433517
971345
1312091
1473640
1471155
55161
284950
839407
1435494
1433005
346971
280210
694806
68649
761921
309716
507378
852022
6729795
576455
677948
104299
628686
128372
235781
83076
1377879
954052
945620
1599662
6740670
490404
1545306
1568847
1456078
609421
1485937
1428024
351499
346188
380593
57855
6715710
300071
834759
1454237
1454237
1571254
1378729
1474258
640919
49143
222725
629729
596246
1436026
1331973
1552365
629361
570725
320024
76381
330772
611024
792440
76956
244804
32969
615530
1164433
6650111
548782
960718
1248374
1457723
258982
557409
1398459
1449333
77192
1231156
598175
172789
193498
1353134
560346
76367
1442729
357754
279724
280178
794836
937898
1442630
112334
34213
6710012
6649225
1451363
134190
374448
483893
731936
1451272
951330
903561
965803
1093894
6790187
399872
1263443
590906
285323
1455720
82993
1395422
107484
1460478
385333
263713
547382
507908
661479
6700961
1444458
1044075
585425
1425869
370699
102938
6647660
896407
887259
110476
1401135
104794
1531161
749006
6715960
170359
93854
1164193
365337
1465605
13588
98595
867631
1430205
125458
1062987
1452224
10822
1244357
961168
263823
6704274
988101
1430070
965843
1596492
1421896
61706
1448544
6667909
7895
480070
693418
624121
1472674
1572031
391858
1244958
529746
540381
810951
4803
1022117
56206
1258438
678864
283928
678746
1522367
398322
1219158
118831
1447916
1455668
363973
875469
337771
500077
346618
540249
1456731
321021
1529597
329639
764612
1431688
55722
1378609
1518651
620365
406977
6716843
1201859
6786467
6770985
538621
863758
1160657
1164252
6676990
1094942
628706
108489
1036397
1494611
264112
1553074
1598835
1372290
499752
905376
961313
960823
6648646
1400392
330565
1164144
645626
704346
637345
524300
901902
1506172
619724
395854
182288
161426
1402323
400166
1443214
351653
1442400
691163
848997
1431321
607977
1407624
1408646
907851
1466331
549136
1440631
37521
6729087
756582
1129340
1245724
566461
78962
638248
1428511
1102654
1070080
763277
1070456
1568883
1568627
1394439
1402436
1470555
548461
6703294
1036671
877474
1456942
83405
521595
1387570
1533170
650837
577574
958993
1338053
111782
385057
979624
1432272
1068470
6631782
107005
905956
61235
128192
10783
1568658
391180
131665
1199121
887324
389786
558920
715455
127104
790974
127566
1458730
1551008
405014
346064
76341
14120
1027564
1545949
1436411
6708194
1527365
629815
393440
492006
1409003
260272
84349
6761636
29226
533695
925737
6728129
1035774
50831
680734
632460
1040743
1010161
29257
1391284
1028023
896121
980138
848873
919955
908539
1110641
285291
1553687
1036682
794126
960852
408721
391957
1240084
1531506
1210743
526744
693041
1061248
341479
312362
1217829
1397841
697059
394446
1165353
1301038
832681
338945
908271
282518
27586
484692
15889
729560
515674
1524645
1201673
553177
810885
6632145
1436456
799689
849596
1568751
277695
1427189
495735
1441854
1015685
6698145
6629857
486507
1348725
628124
1032744
949961
795297
393221
1307837
1440045
380362
77592
6780374
1246640
346947
718792
382291
1287912
372596
342062
373766
372277
6733141
382408
381033
344219
69880
83880
1423247
799857
319579
1150059
1034089
1123881
1441705
330815
989668
989139
279600
180036
29424
1232182
513868
52656
496897
848124
396027
366185
911485
675853
400728
677023
504094
600616
1454649
6786626
397817
373214
1493446
508070
917386
285338
696235
1102135
184038
1070644
6702253
834975
1323731
1169608
311088
685683
1129738
