43073
42930
120221
42957
1154512
761685
222219
170923
66945
6716766
877007
1126578
284505
404936
303301
389786
93496
1571774
60316
625648
1217694
61055
380775
772240
1163102
221376
1091572
392752
310429
1179687
39151
6717577
1480693
244920
245644
650481
23802
1426148
911812
6721396
1383113
1262807
6674929
6651265
54939
1189831
592377
616568
134117
950712
405191
1448857
1216602
1595118
1530970
821858
1509551
6732507
610212
74136
324581
25859
619507
1302276
1446049
395979
889265
980470
1295213
940846
530993
707
707
707
1404653
1230792
951426
893064
1161663
6626173
6717265
907378
1434126
377948
405501
568820
1430560
390130
602618
566766
277129
1483344
773385
594261
581391
1553687
988101
1127194
1287801
349118
623998
1119538
188972
1119164
980737
1436714
84436
1063313
1529132
1030195
626155
195815
1128391
1378609
548461
557409
829353
628339
336122
394481
590458
1518651
642596
399101
620365
1359036
406977
1053263
1452096
6716843
400436
650255
360471
538621
1059691
1364771
950528
1553869
1216973
1179369
1094942
501328
134183
76955
108489
628706
1230067
1137456
750237
1603315
675293
6788402
1549923
1556128
498091
1309307
6734524
509859
1549036
6726745
1154740
939282
901902
400389
1121934
6635931
616253
883892
229861
312454
306833
954107
539598
74
6735172
400166
6790324
599669
193767
1603842
812591
169961
1598835
1062311
606462
1408639
1296232
1281867
1027437
564111
6698566
943163
512741
399835
1080979
1398589
517275
728879
259768
564807
1127225
368928
564949
700097
1229746
772012
516705
823450
1567950
6731803
556193
1045715
1152016
258922
995334
266920
856492
1568255
1568255
6755889
277684
1239112
6674403
6761400
1149235
6634031
320142
110476
202153
6640798
1022257
1436975
195018
1399890
1484519
396644
367031
510496
907332
672876
108052
940021
603631
673558
1072480
515053
1568883
833258
399521
399521
399521
1209112
36692
1184012
1572427
394110
324415
938343
544923
1061385
6729289
702819
1312171
122907
766266
1100920
398860
222855
1299537
1550514
1080999
920497
823203
6733551
1227281
242850
1451058
907098
36646
318164
1164837
731096
949782
247534
1421261
269188
830370
1388785
489802
281976
930177
562809
1330085
1435662
288169
246745
853238
675291
1463053
289420
937793
726150
813556
1463918
328926
800071
829642
1427163
345437
174121
551001
1238776
728449
842571
504015
587366
488745
334677
751523
6694439
1019751
329639
1381050
322121
399525
1519808
1271191
78579
902886
1465392
392714
6766330
791359
767664
300330
6691103
491810
1392602
1179019
696590
940074
1247367
718517
393651
528960
403444
6649632
6767028
171620
1246514
754768
360973
727853
1422055
987551
508667
1448544
1164150
6732760
817656
393382
1158246
644627
39387
39238
436115
39290
1372290
960823
634148
6615015
1240001
1466331
1443822
564196
1068755
1454618
1529296
274543
1545586
699483
1040743
1010161
219919
645808
696980
1195328
1569189
908539
524316
141405
1465497
1440585
297153
491368
274547
979446
1544219
1454999
795297
1306881
1014653
83076
223886
1025096
75354
1376772
253649
1483176
1448389
253223
770461
126082
950447
930622
1309187
1430166
1379737
614901
644348
1354626
843643
1372297
945177
950752
1434255
918160
6716646
333133
1608359
1442344
1392806
254119
170328
950495
6692368
1432960
295854
559830
857961
71074
1025663
77169
383597
1444995
1443739
6732940
1429075
940654
154326
157754
6689680
1164193
104794
116442
6734613
6609400
1273405
856942
367732
259063
499733
343093
822464
6707616
1091001
6623582
762414
906390
630387
508272
678705
608132
721040
200634
1230669
1400145
881949
1028449
919258
1451368
1196252
390784
6710973
1440534
1337139
6708634
1569103
6748280
361903
6683579
1028023
338508
333843
1598262
206753
6698061
908076
83296
856728
620787
1238827
319714
919657
1545274
45927
1244309
1163920
285513
532577
518846
1030895
1389378
832135
755277
1330029
405506
1458730
408119
598187
1028928
1481160
6722262
884290
1079762
369601
6727774
393545
619623
87735
1507350
406194
401597
398610
216466
493525
331558
628252
548544
1025947
235219
6739769
959430
828291
831160
202212
201812
1053001
907788
722131
553178
1541892
1455270
1497248
1240084
113844
343394
678189
38078
38078
990555
6739946
1272035
394369
1294070
1380050
1044463
1442505
600220
145564
930553
105038
647023
979982
1580825
53656
367118
636177
598216
323732
926340
1479585
1069924
1052452
149922
848926
1262580
370055
1522239
354083
182204
1184670
1312795
1485895
39223
745031
1603386
261109
703410
76756
1251414
789211
22736
1474506
25212
727723
95928
590189
215456
1040704
498171
727863
107353
407441
94195
918245
329771
881944
1319782
1458550
1445639
1284644
95105
856691
107492
611142
634208
613167
238820
528969
1330999
87998
116315
6700917
336717
1226888
548080
544199
626936
633201
320302
699972
1319044
1438518
174381
628686
492048
608300
6665158
903794
939412
1162708
6612681
20264
1007706
1246259
338935
6612744
1479577
951330
1221519
1039252
344835
960883
507992
130785
1440520
1232154
714969
1455668
58011
30295
281751
14378
388188
171614
1462831
848440
1199426
14379
252857
1556249
1292429
864225
1227490
511289
131665
1210643
1402530
957248
953141
583227
1069861
1025804
6625640
1222235
1197020
398322
1552296
993008
1052023
383621
1164252
55200
1445827
193700
289233
1571648
55161
91989
1433005
24982
24862
1165374
123065
926586
1401759
6751758
1422117
128345
172726
357363
1433546
1251763
1452372
1251236
1401924
6643401
1413393
1411662
1128754
850688
1453479
1505539
490823
966059
486518
693418
245255
75392
1006475
917288
6740324
810355
1389518
760185
401520
6705676
362851
1273448
819554
994177
788946
950065
1223287
992985
485686
6612088
960902
1092472
311819
529795
589267
606570
1163407
1398030
559316
261387
28075
1290458
1483420
1483420
6740822
597380
1176223
1440190
674844
273236
1568681
224178
376817
523513
907446
653549
1488295
95677
1068284
6757326
690989
397726
557272
1424294
882098
6776360
1531066
1110204
1157730
942052
864424
1126208
1047289
261519
80467
1270194
317880
6640066
1041580
1422129
150051
508296
1569286
1423247
397537
1424457
821859
677126
993917
951289
945620
1422797
1545306
1461877
1554717
365835
593674
559855
483603
311266
33680
819439
902187
385057
124799
1543999
1210906
690870
760666
979603
731474
894734
944828
6718480
249546
1170625
1506262
1500420
893545
1195610
61548
1359833
1411389
543315
1524533
950018
6740327
58625
1112229
753152
1274072
1184903
6672053
581348
1379477
1347369
6658793
1123511
640419
1445610
735216
1331973
60771
1461575
1246799
601548
1437180
819804
540388
1118346
233512
586969
793978
979542
695352
1109056
1440942
6750505
2153
321326
36045
340369
140179
1012435
239493
851005
1443382
940660
951254
1412646
1152008
1403386
1037897
107005
278206
938624
301773
