1464378
672272
43184
958625
632158
782056
52160
89985
6730657
612160
1116903
228022
219728
125817
240578
242598
52192
228888
938445
811754
6753376
6727052
1099350
614523
1268368
1446998
1366247
6727929
6702488
148654
259115
90509
1159033
857301
763986
1236204
944368
1280139
85276
685706
1333892
1039393
6726882
486632
607764
537137
93425
1345295
394228
1140773
1295328
1545971
910813
1184808
79041
1026941
1251705
303292
979622
110026
796506
1318444
6706499
1593390
1274863
1049391
231777
235755
1289003
49706
915683
1123830
321726
929425
6673347
1275642
892340
6782728
1353157
1607022
927553
1117660
1441143
6713015
6731618
6753236
1395168
6781588
1113778
1131726
1549650
6667641
1555263
1445331
858548
779102
1570461
1576779
993880
1016935
6781809
1434729
1178791
839161
6780596
759997
703577
888287
560271
943733
391223
182144
170132
1078391
597393
1163474
6718792
1468779
1189685
1469761
403974
1264719
391498
1122768
6682207
6649316
1310317
693507
6674855
229379
1194829
1287438
282647
6636136
888636
712109
6628459
244872
1051280
1433757
762335
1374578
1428300
1070312
89352
6791768
393258
847329
1320971
1521435
1059848
641988
6645393
288932
750391
643235
1584728
601792
39164
1387761
602505
727502
1506296
722486
830101
6720261
1158294
383065
297011
252669
6784888
1444236
1214023
770977
483213
171420
841037
1476630
1235874
1371397
1366217
245112
1549724
1376462
243122
6641239
569260
1357639
1356574
1362660
1447238
6753247
6648774
1404064
1534417
1602115
765447
1578938
1373950
6767718
1112696
261595
6713177
705861
770510
88022
6719559
1294807
979839
1113959
6730176
1404067
6648800
522262
1332126
833226
1181647
184521
888031
1546001
1468143
6676172
711721
833471
1161276
1404913
1418256
1515048
501216
6779803
1366550
6674413
313776
1579935
721156
384063
1132905
1575948
1297626
6754697
1404881
95394
1410365
1254215
730003
402711
1141595
1454714
1282715
1061302
1477718
1173436
219874
1600306
946289
1388668
505669
1462072
935858
956845
1122096
1286517
1185499
1313753
1314998
1497867
1200337
661379
1428453
281361
6690647
848506
755875
748397
6612541
1446718
1598104
6657164
718911
1570353
6647042
844014
1324223
1310997
1330591
6767389
1034832
730244
927026
1085358
6611735
1255698
927257
1419660
609436
1016309
1122518
636039
1166697
1603082
1486187
6617940
603263
870109
1466524
880448
6670013
880533
6654758
6622434
1063466
1487668
616549
191817
6668118
724520
504665
868566
1599306
919014
233711
839438
1556407
275812
1446266
1406625
1332998
688525
811132
1381192
950718
6755934
1376360
1236249
1519478
1483077
6630604
767599
6755295
1093062
6723536
1363773
869654
1401095
1374913
158548
490907
926242
871866
1079263
290098
6734778
1398113
1367369
6788301
1547442
1313037
6733690
357548
1496496
1100493
1537458
1432315
1375470
944670
1523559
507682
725831
1549248
1062477
1245878
336889
92037
576668
6768198
663751
542875
949208
266987
841523
1385314
1357307
6743871
212777
517459
567351
1052312
906765
6671673
399123
859026
973793
52830
394210
6704458
383393
39184
1208639
1170037
6726940
6659683
1269311
691300
1123508
644264
764579
6648582
6738605
365722
6763583
6695479
131668
1382980
1189781
1293426
1110514
958146
940637
1575945
1271807
996878
6677799
6711724
6666164
6647729
865967
381347
6703204
6763718
809818
691842
1012017
531275
1217023
1007611
529221
1593673
1162722
1055511
1469654
1476591
768476
1227651
1367647
941025
6746527
1497303
551702
813509
6641794
524636
1090949
1582369
962499
580386
829080
724522
328008
987314
1026485
1089391
6722208
1592324
6683316
1584088
1036158
614258
1220267
6752152
6653917
6713694
184291
1289126
1158180
6739553
1420121
6674447
1514390
1571081
916601
382038
151706
947486
1271914
1365401
662560
1449050
1385880
1029540
766757
966204
1227396
916604
286192
497072
1579699
1465486
6745352
1063248
1405951
526981
6764815
1485973
6642000
6683349
671581
1242614
6789707
1408841
917650
406661
376264
1275644
1131446
1121529
6712397
349159
623510
6631264
940846
607498
66260
1578680
408855
888422
289020
808552
974004
372832
136025
6700248
1575645
1544336
676676
489914
920369
6656669
6730136
971065
971065
521571
6739679
1372813
6610617
1432967
283106
1128148
6678354
1498053
328119
1291074
1520816
843268
6764965
524228
524147
1032563
1422810
157642
1284638
1567654
1450028
1443080
6754969
6690850
919254
920004
6638581
1039428
6782452
1050870
1244746
1393172
929534
223989
1534450
841234
555371
1128352
1034937
1020829
363514
1123612
1288439
369938
6609974
907885
800411
1400119
659727
666904
1600152
1358030
183324
6714016
1126351
382004
1444327
1517554
1372626
1593396
394881
725672
1020501
395936
1099893
830217
6676093
706425
1130172
1097722
1601399
6624948
56259
1051308
1517218
385701
57259
6775898
678058
6632647
518785
6665076
6705619
1550960
6718132
1128275
6691303
237564
624880
1546807
846120
564185
677957
1509819
994785
694444
222947
1090821
6759049
6647065
490167
584272
809563
649823
1231022
327392
6625283
1162151
339385
526755
1568693
386524
1453548
1119068
547157
950733
550951
6657303
1037658
6659681
6704526
1580622
1543002
1548202
1550821
305929
6749829
282189
102943
536304
357085
727344
663945
1049926
1596105
654711
1439360
357088
1208428
1421691
914481
6693606
116407
1434680
1465363
329621
528598
6704776
638430
1320173
1037302
1260691
1599267
1518587
816071
1292162
357211
1435203
280053
6656082
283554
751825
528618
1156480
1276414
994499
1608338
1226678
903347
1341376
540309
1365068
1070424
1263202
1259435
557746
1181377
71338
1027232
575498
629452
6657033
657824
991919
570215
1502086
641733
1583529
980281
1204696
692254
76378
518593
641723
687065
1132339
1242630
573131
1079686
1514158
1409593
6638605
488559
273652
1386225
6632969
632816
527549
400554
1441831
6788070
516860
6665791
1288786
6783484
1221363
1292620
1389041
6784466
1529360
715509
6782507
487066
6750405
691796
1485230
1480450
1606946
6642532
690295
383731
1486146
832317
1487265
1110364
209196
1110364
209196
1410399
1171169
6775300
1470114
483672
1499074
402254
6654218
1482619
274244
584101
1035573
730848
608626
892271
1273608
6656291
6789555
6787483
1541861
396075
572315
1496388
1195808
1333123
6781629
1462755
499805
1489577
1094849
134523
653936
616460
83883
623515
912769
518381
1364903
1310034
1209451
6631504
1526439
1356681
1476026
1460612
1130567
1165081
1442645
891273
609533
1306804
657827
1093300
1049062
6666382
6642612
760501
1028927
1092568
763599
1393444
6771566
1131900
6789264
1275332
1102218
1375996
1306798
1090699
906029
6710546
6640130
346399
1348790
646312
831082
915995
1048520
1102255
792867
1129379
794694
1592667
1090193
1119419
1542831
991310
1042156
1089513
1493701
522576
1367127
880488
1492167
1157672
1183439
1060037
1102700
916989
595553
1053657
330287
1077183
1419676
1597611
1260895
264511
1216771
283272
407084
1156728
1387933
1080103
1110988
538204
1047108
6738389
1125683
678619
1527759
6648888
629543
1129848
6730303
1472469
123136
1035760
1592393
593191
6741208
1465135
567919
6679259
519332
1442497
1075483
591515
991974
1029418
6630753
1473505
302944
6642986
1307971
62583
788687
834565
848458
1152915
504100
1027119
651106
1027478
1111249
621158
1242107
755891
406032
1152966
1094889
382096
360072
950236
761308
1155612
301126
1430061
989882
834726
523401
6762381
1480560
813538
1507166
851081
1547646
197955
557622
6771905
857453
877478
6739360
531211
1302169
1420083
6715738
1295305
407795
1554661
6745916
1556940
6733071
288007
793280
1230562
1451317
6667285
661198
1165285
915651
748533
1101425
1043479
6754084
1294609
1386454
6743560
1477802
1274526
81609
1287645
654538
6723737
658120
1485843
834760
1378313
1568807
6756777
532960
717864
239345
6633353
6655844
6645245
6758077
841595
594199
1569446
1406845
369759
6774077
1153889
772114
523318
6640157
1294105
6654618
6629135
1053338
6692601
675942
1310754
1231054
1089472
1606027
1171393
6762569
486154
6706891
1011997
831885
6700317
6673608
993621
115653
716665
789618
1469512
383943
1100174
1575583
572460
1399149
1514322
1379243
966209
914210
693012
905815
1190111
1463147
843454
6744329
542642
553766
6771707
6679556
1429364
830115
831017
820849
345982
918168
1347924
1090818
287842
692606
486988
6777431
6783434
1043417
1117798
989012
1454905
6658869
947809
1200584
1521032
360299
1503468
1392198
346110
1313376
1578061
6688907
285007
1544932
1522274
6782400
1160091
495821
6773994
6613370
664118
959284
1554500
1397522
6713649
637542
317826
485869
1046791
6724016
1138718
311732
1385251
1607300
6675689
1452064
1387314
1452064
1521947
1569637
1521044
1419620
6751799
960608
1034122
916210
1442788
1570487
6764122
1154260
728870
1030292
1537693
305323
282889
722078
1551979
986878
836563
1593211
1356536
103710
751780
939663
1010236
699989
1041576
1539459
693281
1090981
1074256
370074
1028005
1365595
6612321
1290785
1181181
6691894
1199273
1310759
1405960
6781871
6743333
1141801
1160164
540374
579887
6750293
6630854
283087
1509290
271924
386225
916008
6704396
406768
502547
1008488
1451967
6677673
1497705
1485465
1447038
1269771
6747240
486283
383588
6705695
1501489
6697020
1595896
1493092
1521466
1230371
1585498
1479022
1406987
1249326
6669725
6667382
1596777
598260
1458446
1577357
918140
529720
1471858
1544833
295179
1467437
1599200
363698
620300
764327
151993
333933
893024
1522931
753567
864874
959984
1531445
1142208
969906
1547996
1597714
1180005
1321639
1344996
584909
1132856
349762
6624215
595268
1573755
821835
6771876
1111397
548897
212487
299138
925957
1446751
833242
783935
6698598
1281878
1479983
6620550
6771636
6777171
648063
6667058
1223901
843676
6755940
403276
1529964
592966
6672511
1081255
1162834
1608072
6719228
748103
6719228
6727062
1123773
1503782
1324669
1111224
1006907
385577
77643
223053
1175194
1015615
1250513
902207
6676609
1182020
6783523
1085903
1016643
812739
895823
1575782
1112752
1541978
1554992
547670
257705
6782213
1286855
1262363
1189619
1197273
608624
913110
926890
793287
6688656
1082224
1072813
762063
1391478
1382325
1073442
1508711
484144
516224
323659
6744506
1431067
945294
728865
1187188
6769468
1391998
981083
366544
1444359
1547543
1081882
1088925
6680173
1444014
789139
533824
854825
6639608
1073538
6782226
132559
295503
504066
6638082
1450339
1085744
6613682
1330366
6635932
6787254
995334
277856
277856
1218979
385478
351109
545251
1074630
814190
440885
6755889
1568255
1381873
1263874
6693079
1511545
1182996
6681275
872715
1553292
765346
526651
6754700
912736
1485725
891044
1239370
94771
6666449
1133451
796649
1293087
580816
1254332
233363
532343
6674151
6706910
1454582
1361987
1525016
595728
1122406
624099
1080964
890977
827930
1146064
247317
1468198
1433473
6624262
1247456
1307647
537594
1010858
1236541
737944
632804
6790686
1043875
6764188
1251218
1124504
192143
1294440
1386551
665005
6697262
963044
6770279
213670
6761125
1489768
786042
1465773
1431728
6784816
1597064
957786
1043084
1489137
6750508
6695638
1429012
6651219
6650666
1072990
959169
1207628
6763788
569187
820935
6712879
1456177
505001
1466354
1529840
657006
1429900
6754044
1102468
1434376
686286
638051
120536
774507
6789919
777620
307882
1607141
6715351
1413882
6714092
229549
229551
345761
6644798
569151
1132295
1223747
229539
1599444
6714961
957020
1456144
1491858
261761
1399585
383502
6753466
1076883
660464
1175640
657752
6643559
639164
1497959
1449845
1108438
6717157
6628345
1608283
335600
913196
209723
1065264
196916
707659
818092
6722516
1072608
399521
1544908
1543225
1544908
1543225
1209112
674402
280809
663673
1477438
344134
6631135
1288865
6722849
812928
659182
1580793
1069654
938619
1519897
1168696
6695282
1148621
1184964
6718004
1263471
1595868
1220621
624528
385714
1201230
6716371
6729254
1096380
1604293
904516
6755820
558015
519676
1088720
527225
1518815
546034
1580662
1129968
1090738
797402
1291833
701264
6726849
6610118
6750742
758216
6669349
1098900
398860
6744595
1200947
6766647
6733154
1406363
6644378
6790997
597797
1161507
559194
1550514
559194
1505670
1288484
793801
6629651
1286173
1510495
1305629
1068648
249417
1572341
926524
329545
6655857
6743797
6690415
1436278
759884
281876
987706
768548
676013
959469
1391460
774617
770198
1273550
1397362
947793
406041
6645585
1015608
1061359
852160
868969
6774352
6627075
1024824
6638389
291226
407968
6759897
736212
929299
1201254
6656106
272811
892181
47849
36647
1353022
985681
1337776
1030549
998573
1009631
1480240
1061142
1162921
539263
6723436
6774962
1150800
1122899
1443241
1029142
213094
1049098
1190899
351492
585097
1460430
554488
1549575
1385496
731096
1029851
690220
6764105
961366
1440531
6666687
1154686
1022864
36699
1561259
698147
6751924
231244
6721543
1435032
1224782
6785620
1496528
1524528
1028702
654194
663049
76712
825124
1444957
6680959
1017050
65210
1040455
30336
1443880
1239872
1445030
352381
635304
6776187
1246892
1520735
1459505
6721213
1468511
1172292
1156022
810609
1029187
6622801
1404765
30281
767822
1361087
1525457
860027
1262031
675657
965031
1598608
549533
756381
1380735
846700
941883
327393
281976
327393
1577385
563863
1272422
899435
320757
1025332
690972
876771
1391997
930385
1285899
1318590
1406142
1378669
344265
1117675
1110278
645503
1129779
296994
929890
6744945
694831
1533569
858171
929512
337396
1011057
1129321
688215
489359
227123
6715613
698246
1495678
1282838
690259
891073
6623470
272590
349358
6684170
1074127
332901
1073962
1505548
842335
6776128
1608516
802202
6779453
1600200
830140
406162
540755
796738
1516042
1029861
1550685
269079
908547
700245
362461
309632
692868
759103
322781
1582264
1517325
6760313
1331481
1172582
1158770
1331631
1404013
533338
748746
354315
1230823
607853
1047257
887376
6675355
341153
1525394
1059388
6727130
1493216
1419812
1541487
1277673
1383088
497975
1385604
1388062
303631
1039257
360843
259243
164349
750680
443091
1552797
1156334
6674506
1190912
1202589
6630648
1431166
302960
355596
6648438
801287
6640152
1421075
239467
6702807
6766492
591658
1483667
392381
748210
400967
239658
1452359
1395456
1363776
1330941
950124
1138857
591376
498626
689672
1193049
1519587
59470
1413135
6614497
764907
700057
83552
727888
345861
6670073
329233
1546370
1477024
245554
272824
1080683
1119080
6757965
1293854
136405
401018
841479
715506
303148
1225921
6739729
60626
991704
6783450
1434124
1504115
1352753
647037
768666
870102
6781343
1100454
379807
280465
1407051
807068
1225896
1608027
91147
188897
1352985
1597318
978839
1533698
1411178
1092280
1582920
797203
1532404
6725566
77612
580516
1155921
6737368
1485608
1200669
253993
550774
1601924
625502
290654
394993
6646744
1318949
1070514
1088190
311221
1286364
1454503
505739
1407147
508490
394185
391723
6772023
6629271
493109
814060
1368304
403236
148969
672640
622409
364555
1205390
6635519
482793
1273025
1453956
1355867
846489
1528995
249360
1413163
1073956
593915
6737605
1458155
1076018
876925
516322
1605477
6702340
508343
329587
366367
60439
755470
1471775
304074
6670260
1040745
6623016
6769262
1572583
6724519
882108
799170
1393471
1376335
504056
557684
891062
6636596
245518
6726260
506715
1212776
1578464
1126930
531480
1449888
1290537
6649527
1402760
568651
285475
799296
1486824
1452238
1514844
6725978
336461
1239908
1077388
490821
6640957
369269
6761139
272898
6755704
1524419
1579187
1319243
6637872
237798
6697078
483496
1387196
750347
272809
6770760
365030
1432685
1365207
1274273
6722839
1289255
323554
1059672
6696825
1570026
1556756
1169149
851664
1007309
1403710
6638769
134010
6712394
6781568
1282821
768869
6669182
6632984
493380
406968
6688494
459625
803541
1312169
6672093
327507
1091727
222163
6720256
1116460
1321414
615495
322184
1507092
1393332
6673244
613220
1425769
1520916
462247
1200895
6742022
537662
1549300
715459
6657931
6779924
527895
1224464
728234
309769
6730732
1052800
297113
602699
297161
489672
6712026
1573603
489760
6697820
356244
6791402
173364
6760078
1427215
623637
54713
1570273
485997
1447971
1426788
6777639
645474
915881
698578
765402
1582641
288442
360287
514513
1476775
6775192
690783
893454
1247343
571687
1224023
204088
1190621
1238452
6671757
6624373
659432
1046042
1152482
264726
589877
1181546
566690
1478312
392295
511450
6672245
1291329
1127543
551378
1229501
1289788
1355893
834834
390138
6629598
6633097
263955
722896
1377512
387435
1533716
6711923
254031
1507771
649948
63600
540782
1524460
260671
6613194
1321108
1458670
621485
1457822
1356197
834892
1151708
6738740
1313119
987812
987638
1581441
1231417
1478318
650555
1226421
676181
1112593
1098415
1501640
1210363
1199620
1527609
6688272
6711741
1407702
6640893
1594576
512003
867817
727575
6722113
1553603
6784382
566568
1181071
593070
6784415
1511824
6753522
522827
1424069
1582557
729692
1422613
815856
1382128
6667682
1422305
284551
763384
6768801
1228335
1518248
1397239
6623336
391404
848784
405269
813709
540559
1293150
1274225
1391835
6738584
1365222
1544272
6608906
1004276
945423
6655929
1445554
1409058
483541
940225
1219141
1042505
954969
538024
6717125
1484215
529072
645890
284809
6713109
1164667
701718
352914
1075861
799910
524508
6728019
1507527
1335594
514780
1189430
6678497
1190579
731784
923561
868897
1444135
381684
6757508
6625031
1287445
6688195
1393992
1549921
401710
238939
640836
6724142
956088
6739926
6703034
692555
6649878
1030670
406550
6614222
6718619
795098
1292536
1424955
795147
1579506
1604486
1050987
1138892
1262036
1401749
1478837
6633798
56998
818080
1426882
795148
1330374
74623
1456522
6763942
1412049
286650
650208
6780592
1038855
929941
6679200
1592906
1182314
1464225
1456647
6686594
1485978
1482046
6626567
6780643
761358
694470
693861
796115
1121697
6735859
6698297
6667571
1104633
1338458
1282418
6773627
483801
920643
1079093
943483
1601758
493344
1408009
6783631
1331127
943564
553218
1276229
771368
333510
6637785
233783
1398706
756433
558580
792869
6784873
1481895
1346043
6790720
1311184
1497414
1380869
512932
1428249
480586
6711535
1523496
1407556
1511000
1424816
1037776
1430503
824335
1139107
1027539
1428466
1332338
6726897
840253
6678562
1093261
6779862
760902
916934
1424977
280661
507118
620437
754998
1394746
1118474
724782
811032
1088880
617294
6624419
1170391
6629408
1507567
791779
1330278
651105
6778325
6624431
545457
868042
516884
1122409
1507662
6763382
571468
1607540
895501
6680070
6731423
1313791
557188
1063501
1070081
1461532
619175
550732
863482
395549
510732
1123489
1070062
6689869
1403160
6761486
1510428
848821
1430490
1287299
513514
916734
232470
6753175
792629
898734
1128584
762865
507598
1523569
1238410
588247
1354122
6633603
752708
1543049
513549
553678
319197
1492725
6736269
711181
1264329
519356
613981
6720955
1354681
1218926
508155
618542
336142
1139734
1334383
1027579
6702722
6742667
6695586
1025134
1390356
1553004
309587
313443
610466
6648583
621371
1422905
489858
1387397
1328853
1130131
275066
1519349
1474780
1385091
892823
1398799
282214
1601769
622511
1234960
494014
277407
696596
72811
697029
686857
1348212
1132152
896183
1202423
6748090
1251517
480064
1383876
516379
1549655
543263
516340
1199129
349364
6786302
516081
388486
1333874
389956
1382019
1217063
1533508
246261
613750
980138
1582619
980138
1582619
515610
1550779
689741
330600
1360174
1568107
6657828
401410
1155547
6668988
1009293
1170863
889647
169966
395176
151676
1542584
929602
286835
714621
340331
1441306
664126
1498375
1030605
1122589
1429722
1443416
831616
871465
1264716
77658
850579
78785
1447052
989843
522205
759328
1216567
1572017
1115021
289485
276650
989001
6679971
1600020
193936
1480966
1261232
1480972
516377
371950
353638
864633
63961
1567666
994514
601125
6695269
335730
1436436
1572411
6706566
1469071
1446059
648642
1444958
1049530
1348729
812822
6633110
920851
6625240
113081
1489745
6698725
1543875
6680676
233712
6725020
1037850
1155170
651480
1314853
6609464
6767877
407997
1050431
1599278
6615644
6777692
1071198
651468
1185490
1455744
758745
1492661
6784801
1483240
142909
1171095
841642
1355365
1401015
1441497
590276
1421157
6655321
1599845
1450098
1189326
80550
1488762
6731094
1445248
1063439
1028034
1445835
1030122
797500
1171941
1362256
1051226
6704312
6717061
6692462
1186648
1210282
322725
6765264
1551804
1293547
1217592
725949
6666939
1062665
1197699
1035361
1470141
1221189
1393596
309649
1317309
6724707
1480046
893721
1571643
1245148
1182326
1216438
1410220
6727502
1260405
6723832
505077
1217274
1246469
1214978
1098734
1465503
1283410
1129465
1201115
1371978
1236635
1224087
1375202
674612
1411865
6702510
6655966
1139812
1050440
797302
1172424
1554050
749424
6622625
970094
1538140
309656
1271013
1215080
1505425
637397
1553370
1008528
1405919
319543
309508
761751
1186469
1153572
6736228
1294581
638477
1420075
397801
1410985
1078195
1191163
916771
1501431
1179749
1179112
1132417
1126217
1063599
608565
1407731
1386645
1456970
1308424
1292717
1384053
552907
1382247
637701
1047318
573239
1142824
1238676
1382278
945711
6680356
1185802
1376027
6684907
6716911
438025
6785169
831432
1272686
1473117
1318925
1157836
1358743
1309209
1384732
831142
1079112
520144
1452289
1451150
6654425
791387
1436772
603873
549193
324122
732431
6621272
1575426
618257
695316
1393259
6767043
1544824
370417
1523001
1366409
1260470
506399
1594638
6672694
6649324
1407767
152140
1043008
31381
627186
522681
1477499
6732472
717063
1179993
1293749
6787608
6627594
1396254
333187
508423
508087
6756088
1430720
1248094
336611
1244710
1474956
1386306
1290890
1048690
491718
510442
1533557
1555166
1140509
1543074
1282383
383520
564868
6635049
888941
548668
1179868
227057
1228007
1400191
589201
570157
1403966
892963
1368302
6786310
851336
537606
1308035
610223
626466
800435
1489555
6787784
327912
57501
1602958
6702801
1483941
939997
1199984
1231012
1191307
550768
6750785
1520117
809077
311250
938743
1221110
6777929
1037871
1187977
540421
660626
1229833
1319694
1294668
1195807
1230397
6612536
660618
1605653
1443189
6784648
6655913
635513
6735570
6777270
1485515
888212
6683992
1247186
515992
391247
800044
767422
393346
1597146
1183207
799634
524543
832686
6700490
6785312
751145
1262690
1060181
1454805
6638481
500923
726512
6655183
6658381
6609998
1217598
1469640
640417
617357
1427143
1598539
1294283
365380
406588
543268
305356
1285567
492981
6627838
382461
719440
1422372
693690
1453108
305619
1460288
6732792
720842
312031
1186521
382458
6653536
528194
604256
1552274
1041391
1371925
759032
1460049
1532142
1346759
916950
1212493
1226203
1201919
1227936
1201269
1069706
6780184
1575712
1232077
6631120
731101
1383209
1332381
1379720
405721
344972
1384168
6733575
785694
386546
1285937
1196887
1310271
862910
1480180
823453
280804
1274971
438109
1514925
384844
1387719
249399
1387936
6715308
6772484
1383631
1478958
1189346
1373092
6745050
1281512
1476532
1360523
386056
1377520
1355447
1422205
311422
274300
320534
974396
1156591
259818
1431170
6733940
6696124
591342
170477
805755
1460330
353151
1250979
1499202
1296138
539849
1556554
716496
894824
1428248
689883
771623
819728
867673
1215786
849050
995006
307700
1305496
770191
6674991
1269813
6675775
1186916
1123824
574604
691157
750267
1533781
394071
323185
987267
1408888
323346
1165412
379845
619254
6680324
1353466
345973
6673124
6644497
6647773
6775414
558556
1468540
1312151
645992
354766
716816
6644491
566529
241531
1244654
1223385
6679896
6644701
6745046
1160275
1163141
1471421
1027777
829577
993680
365104
1526102
6622760
619830
943302
800276
1582929
70803
832591
938697
1044036
1601488
1313517
1543486
6708813
1053593
1043523
516833
6673242
1445774
6708857
6688824
694997
6709126
1429689
1376464
6759728
1549781
617311
833822
1554766
6783435
988220
521188
1576208
277916
1068826
863863
1111225
591625
1409549
976464
6632941
1409939
6640068
1523973
491772
6668147
6693830
607580
322942
6677175
1508625
1528760
6704493
6682664
238556
521117
1383840
1209561
1235356
1410621
1372124
1275115
521079
1567949
1006622
6640343
1524047
563581
1332667
1367180
1363933
1360385
772460
1378389
392131
1401755
1250567
1232219
396169
1520671
6723085
1419609
1338578
6780454
277539
484397
6770910
6667582
1112522
992047
664146
365147
384927
1151903
595029
1348684
6622976
1236314
708242
6653653
676176
6710799
679342
1592478
6771330
1536999
279736
763038
1153282
1187268
1469837
1307847
1187631
1346318
616811
1089747
552861
6625910
147595
1468951
6734581
102749
6685533
1287673
1530392
1185937
1270381
1009197
397952
1239525
1358535
6768039
1547542
6701748
755171
320219
1472963
552864
6647547
330085
1156608
1510674
767428
1574603
6756524
282590
795628
6630789
6751311
1071660
1514264
549240
1028225
1113895
1402977
720912
6778182
1141275
564137
6635985
1289004
6758752
748509
551324
311647
1169580
342621
899172
1075245
6695696
1441771
757605
6612375
1320883
624287
1460066
547517
1032401
1164636
1463102
960862
6665498
288706
1485204
342691
1387003
569599
1231382
6639367
1443918
1437713
279513
843184
1475373
6736403
6763847
547722
547991
1444788
6731449
945671
274825
6707589
400125
1500118
1179223
564541
1270604
368176
1308234
958947
1130732
6699834
1519493
6738131
1424070
6733496
396152
1460632
1495915
633316
6760578
238647
1309028
6654619
6732328
6776239
1283208
1171626
749737
749196
1151772
1605942
1569534
1348442
1552466
1431899
6649366
1171570
1282340
1179643
759354
1409499
1306199
841493
461563
1575551
6647625
6733311
6615220
6692573
1228330
6791521
597727
1392161
1218701
1250518
1217867
6775152
1275976
610487
1472778
6765780
6646303
1472103
6632673
1112147
6693004
1181567
1378499
6645373
1386419
809389
1518424
6647452
6680839
1424012
1318717
794809
1319231
643770
6692964
623677
284395
1373151
1030194
357811
769800
382447
1090755
1569658
1152164
436260
6613818
1373163
1507560
6673792
504343
612046
615952
1528848
1276384
1141463
559714
6697346
6688133
1345898
1380249
564443
1603178
1398170
6723730
342953
1094644
591569
6760069
6787315
609752
6673004
6689283
721365
395556
829650
1077605
488758
1141218
722855
6628065
6775132
263547
1456360
1250714
789083
6627892
1171843
1110486
1217750
404381
800164
6791940
1075475
1381142
6647423
726887
1402860
6630062
1328785
71058
1333228
76652
1202409
393606
697800
1069793
406115
6770994
6752434
6706290
6680159
592128
1221854
852166
385803
568778
1332924
1275981
1322322
363861
1487727
278545
1126582
992333
6786592
6738377
6759561
6778531
1602605
1155355
327505
6613080
405693
877398
1464520
1594623
1384773
657995
6639020
877315
1347458
1532244
1523313
1205734
365438
504220
6654880
400260
1510509
204254
1188242
1379011
6701024
990467
221165
392378
659233
1594452
1143202
1583976
1295991
992838
6655963
274319
1428949
1200770
1551142
848420
6774937
486819
6785533
501808
6755825
1031088
349309
1248119
893580
1555127
1425971
632972
717362
1499607
759455
1046101
1508238
1431097
1526380
219290
516874
749236
1321511
1496367
1437305
6726143
6751835
1235329
329613
1568367
926277
1094915
497113
1127612
6774143
6767527
1363665
6678218
1047245
1407153
6763815
1521987
6761404
765058
1555161
6723279
6654629
619532
1573048
381058
364704
1407626
1464458
1510423
1292222
6638396
6624827
740271
1546192
903993
6680175
584111
6758568
6701064
501332
1100607
1235280
283672
1247902
315727
566286
6612535
1181723
1197536
696500
1332480
1607651
1592726
659069
542398
1545547
822512
174674
6648757
289193
1467992
1573388
369663
1580367
645918
526993
1464332
6679723
1501112
532946
1486991
1482811
338526
889672
1528155
1497378
1209866
308069
6701925
365997
1578023
1118309
1213693
858352
6706513
1543734
1528384
6635772
1191328
6758622
1283847
855957
1008005
1156216
6737928
1372688
941317
1310161
729003
6677787
1186653
1358615
1532411
1386683
1592461
797646
660179
481116
617837
563742
493919
1332619
6762609
408495
726136
6741370
6790434
1283224
1308127
823476
1608676
1492324
965865
1262581
774102
6678408
1427191
1447218
504470
1434670
1509172
659642
1441365
810276
1261253
621106
1482103
6680087
6660374
1380550
760443
1462407
1471408
523366
1574577
1400923
1288100
662641
6685367
1471882
658220
6738623
1447763
1467375
1388226
6706539
338239
276512
6612098
363042
521323
864804
1543741
6747115
1530615
330848
1367328
1251738
1196261
1272787
6682356
1365151
6657203
6773392
6767831
1309599
219169
1284591
596451
1040742
6648463
620708
6649564
823075
1394849
1523959
6671583
319517
390045
789362
1122539
379564
1196310
323940
771498
959409
1089499
1451164
1414194
294572
1020785
1457865
1545381
692404
1112850
197936
1534283
157611
209152
6759362
1052709
1249969
1455557
6643759
6702110
1426083
832324
1474078
1276703
1480874
1276695
536198
1274037
340969
1352614
1284561
6789657
1209645
1219110
1573150
1352745
718763
6736712
1052522
690720
367005
1398110
764101
369665
940218
329194
618121
259627
193882
819952
6717780
1502038
6674110
6644379
533248
6645418
6786930
1132636
1399121
1598457
1198527
6786932
563056
690968
518394
1197577
6784487
1520978
1494328
1313336
524207
1582417
1473607
1435876
1171101
6624238
552771
1171284
6636110
824472
6723977
1172202
625469
1409798
1283981
1034463
336386
724357
620206
1197021
6692909
1158472
1480424
1172892
1604295
676866
6723671
1180151
1164234
1555139
1182042
1581589
6672627
1169391
332806
979038
1188088
706070
1551006
1151637
1068349
6630897
812849
1307525
1169160
1507875
1544401
596436
1422781
6723066
6776298
1507800
6791502
1158888
1474431
1347590
976629
1449300
1335268
1570434
519296
6784266
1141469
391918
1270236
1143130
6761572
1169503
620047
6749059
579538
6683842
1376162
6714682
1440597
277198
1187732
1118750
481478
1318594
6771826
393866
1522478
1455569
1155368
1484938
1384057
592939
1527372
1608125
1494598
1410859
1386729
1510255
1489818
1315210
566363
1365409
1332977
609944
6628689
1037465
1076717
854906
1409411
1543069
344689
963488
516786
1411616
1422809
6651052
1541710
699086
1517002
654132
1037884
1078883
6712234
1288247
938618
353607
1190007
1310752
841845
1356847
1333210
1608483
1454073
919406
6769797
919386
1377039
6681141
6763224
598104
1282431
1069450
6699988
1190713
288465
1376029
1396515
303666
6681542
562922
1570406
918364
513633
1102981
1413361
1513669
330127
1394016
1139619
6631850
386504
6738084
790831
298666
767630
761771
1359580
1288510
636769
397099
6776914
6669193
1600317
222856
723150
492573
6790447
1043686
1293076
345899
1007603
803751
1053747
349476
6668072
1334190
1130327
1313767
1385082
500219
6652436
1437380
887963
6763072
1550951
6716667
522246
841395
1492862
572085
6642363
1112055
352901
1093312
6670741
6711833
1141829
1025190
388601
1580566
370140
840349
1319682
1123221
1595920
6657595
892204
141356
1400643
843811
6767350
351431
481110
6704620
1441679
1452470
1545133
939087
1596676
1039536
662692
1197789
677680
108879
1217174
1219663
1422193
615613
1130692
1282430
1319504
1163860
1596216
282803
6760530
1239288
1384182
6632655
6786733
1489250
287610
1239293
104397
6623537
832704
6760985
1503111
172880
557682
1035716
6621024
1210313
1062444
365039
392183
241790
1213364
522616
1394237
1409493
1234794
1546379
1237369
1346019
1111288
1231518
1273249
375481
6639824
6711352
310160
1283910
1422119
1544098
521441
1223965
1127677
6717927
960081
1264584
728186
1273231
799316
883157
1046308
1029194
1596781
1224502
1518021
6608996
1334838
637544
504566
642422
708902
531125
6626874
512558
1604526
123086
763493
6790016
1220482
1171189
1439179
1263692
99452
1183754
774046
1031678
1071231
1352692
1152527
140043
1284677
6713028
580718
685941
1569026
245492
555274
6664921
1236336
1179675
6673856
1202449
399444
1170507
611008
1532425
6732970
6630318
1230258
1078113
1011023
1527402
665400
6625184
1130575
696306
1556617
1506989
1220863
6620627
1240022
6639189
6735087
1231100
1257790
1025152
323295
1427022
329805
917389
6712949
1492767
1113741
1514635
1596378
406005
6754435
263824
1476331
6705477
1476331
282437
297043
850132
1038370
794373
1222691
1441985
940045
868881
1218948
819614
1117726
863901
390220
803797
1505886
636719
6714187
6706376
1129513
1374199
1577558
1183054
249479
901894
6676503
1025935
938484
399237
6647152
1378405
6669135
336567
1153137
330417
275761
1554312
264000
1471694
1111941
1463517
269494
692595
640657
6761676
950460
6644465
6620754
615344
756001
1269917
1604128
514833
392580
6641625
1437640
869662
894017
1025622
600483
1435435
1547063
1472380
1525185
1483970
399636
92536
1330249
6665418
1598595
1068159
1220541
1178860
925892
1312327
6730495
6711548
1319771
6754342
333861
1578898
6683497
6714113
881213
1407922
1308146
6670618
605748
626052
1223117
1456845
6630225
843632
511649
730030
6707163
6701514
760640
650660
986936
6788806
6761064
1586172
1465548
6681858
6765610
577360
303516
531420
553183
1290791
840250
1484479
1197152
253474
1486627
1552247
1143592
1470262
944494
1572146
609620
564050
398636
945886
484415
6723959
1046674
1543189
1216478
1602925
6755170
1162725
821560
808409
1599520
49469
1427694
769940
1402898
6715268
1572533
6671838
1131567
813223
545371
1510531
1157152
1480963
6648105
1036108
1113490
6782316
486236
6726693
6660620
1027988
627743
1506323
6637414
603351
788931
1230220
906811
1426132
841506
6656944
240282
6750824
763541
877919
1257944
1015042
1014611
1154540
6761167
1020388
1513607
583574
174361
1529894
1264773
1529104
6782166
1059573
1413349
1521642
603766
557372
1486780
1547302
619798
763969
1499187
480821
1579114
1458361
6714050
658835
1077853
603770
1403658
396695
1051804
1375401
1381521
1037948
979026
386517
6675575
1100569
823948
491802
1434144
84240
393290
376548
392019
1424120
1284471
1439032
1452341
967461
678385
324574
1524189
1595813
1359010
1285326
6746602
753373
1442635
1520031
1319224
289493
589361
6612638
1155249
607582
1471789
620055
6782404
1213537
1274402
986183
1547947
1480562
1519251
6704928
1219254
359852
259413
1199834
6654661
1383762
888866
1387398
359664
1334516
695790
989514
1468126
1074649
1190445
527443
657414
760731
1526849
574500
534277
1578085
564029
1454811
6673544
562918
1312910
6697220
1331763
1215355
321884
261718
1228579
6622704
6720286
939671
6745453
594784
321882
1347224
1041418
355830
1332877
295329
521694
1526168
909441
963006
6722416
1034799
6704281
136307
1349270
1408714
1578368
939301
938249
390296
1398259
1130818
973139
946854
1330758
1545200
902666
1328776
6635064
1223865
1288867
1545282
6759495
1477744
829204
6708561
855595
1605857
1533528
519791
529028
1310787
582751
1258384
1016543
1407547
864590
772300
365499
322202
1151474
751868
1547458
851457
1035826
1398529
1289854
929988
341185
1309560
402216
1547541
6609618
320016
1488532
718029
1319055
105663
1090189
1446318
1062296
1489467
1353127
829208
794078
1391801
717658
1009009
515685
1422779
626403
6628566
6648801
6730279
883952
638113
6704024
6744261
1044041
1291056
66713
863027
698654
391483
6776223
279219
6644613
149226
1592565
1245536
1156393
501463
905447
609925
914120
1554968
1295268
6767420
606313
6724510
1141608
1331936
613236
1048437
6726409
1089043
6643158
6766752
1494441
1446624
480784
1220089
1290171
918869
1600538
6786987
399944
1230135
578724
1551209
1008897
1186844
731455
331527
1197044
1532735
480697
1401159
920513
1109956
543698
660227
6613357
808234
313106
1158375
1012035
252932
935395
758919
130210
399596
1505462
526678
287353
1441557
1430522
6711950
1162609
1006754
400686
6743179
1305860
1151484
6684375
507194
6611060
951311
343097
1548530
1498391
932677
803307
1275715
1020731
1023019
1244663
1598227
1259034
6642443
1441638
586966
1397611
1568012
405004
342740
6715319
1347743
951228
1274542
491482
695799
945241
239128
6777190
1372721
6746760
1574343
1556942
798416
164490
1412261
6612306
970134
6711903
632762
1142741
646823
278533
334060
398666
895882
1111675
595811
1333908
6655035
1543081
592055
1063294
1497864
1546332
762414
1527418
678603
437107
997925
1481554
858799
553014
1092422
6704257
701210
1534463
683294
1597509
1531433
6737663
1382043
540964
363984
1433203
534170
6768946
1191368
215613
791320
1248077
570971
6785527
6632970
1465812
916462
1181956
1435452
274360
1163533
118755
1360558
1397036
1525345
1382068
6743586
1381318
1093781
1480459
1523952
832252
1033869
82847
810895
499848
1521223
1302482
1511770
1429496
6772970
6756589
1348174
629480
6736160
1001238
1031528
651985
1077922
6694815
6772773
1353411
1152801
6645509
6681891
6767809
6726057
1376329
664873
1470496
1532478
559418
1040897
6788421
198243
6704389
6778537
6710973
1353533
6675446
1322478
6742413
58305
810033
1328621
6774706
6719073
324701
731074
951164
531497
537564
1009334
6731869
1162122
6711151
6779350
6610051
1112075
1217097
876477
209376
1603579
959880
1574162
490546
771147
1580945
614261
661670
1251561
1262778
6774956
571821
6608815
848553
884773
6734685
1050865
1190749
1521002
1079961
1485630
6733224
559971
1222321
1443930
6641440
6697540
6642138
1026521
6768774
908632
906097
6692108
1406220
6653927
1445328
1377491
1038365
1222443
1349223
1576065
1187860
1386284
1420685
547637
1529280
6681940
6695294
700377
1546762
1219367
1596867
167855
1351769
1396706
1027638
938280
68052
6688765
1077647
1601739
1118639
6682373
907725
1471163
311596
1078083
1013800
1130710
6715695
6753588
6779174
44971
720865
1094919
273114
1009191
1483271
1080880
1596632
1278518
1441969
6752539
6704966
623595
1589605
6741959
663905
882905
1391767
6648183
1593166
282661
1510624
1172557
6753556
1601429
946235
1459331
1606352
729087
870340
1408666
882801
1607870
1471479
6679203
1089889
1553867
6635407
501590
923259
6766309
1098970
664684
1472679
877357
331597
1366867
1118292
575463
1318812
1045533
1026226
1401716
870508
563864
987426
1037152
6660362
688587
1523384
938107
6622064
487065
1218484
396861
1161897
6639296
1189404
1526886
6766653
6754654
1104525
911539
1010715
619025
1155418
1222431
1409357
883134
209060
6683254
6648807
1217483
1488526
1381299
607835
1605298
598282
626522
1224877
843957
6788157
1551357
635979
1549664
1230538
1359878
6647922
94965
1401607
103034
1394629
1097729
1039547
650116
646390
282128
520269
6769699
867863
1051570
343279
560437
6760508
543636
716177
1262487
881184
6644837
403046
675247
545962
1164100
884770
1274731
1078866
6674921
554281
1420814
796861
6758533
327794
1572743
1249410
728095
799971
607598
1386060
716715
6631649
1440095
6656274
1271867
1071132
1110144
829557
6758306
873644
790005
505947
396059
508897
357902
1546816
6707521
1189634
628384
1413128
722132
799612
6614252
1412675
1469822
1237953
763874
602629
1509203
6750412
591528
508907
1570110
1490135
1380890
1359584
1073871
1431280
1010899
385639
119772
867738
1554319
6765050
1232256
1227885
1170030
660071
507771
688642
485313
202308
1221080
1030263
6704014
6744791
89372
1262504
1228938
777509
501350
505635
6670629
1427609
911615
688672
864566
1014077
1486966
1605338
763602
1011827
6724671
321468
1461972
551192
6652805
508276
930123
689151
1311091
1557057
1278403
6654234
1480589
6674841
1164603
557573
6765659
1467619
217837
1159106
6625873
6706408
1157839
6628421
1073039
1159767
632510
1011019
226573
1128396
1482855
1598390
6736262
1467524
628445
1534245
1080475
370045
860633
359192
303990
6751344
462444
1395778
6610061
6708830
1128028
1555691
550972
1220211
1608515
6781951
677208
1094407
69580
6721007
1331830
391776
1596025
653949
1572477
1376097
1556361
1421793
1222593
1457771
1100810
1202819
534220
1307606
1524269
1472085
1100710
551332
812646
1460646
6720864
580569
1154056
1573738
6611155
6714414
1524900
1272390
790305
6615276
719703
1096390
6738214
1250184
1286427
109516
571999
6610491
6648750
988590
1011205
6778382
760711
724508
137827
1347839
1374547
1376828
727579
936559
1143173
813961
491982
6651429
1030240
6697120
1471231
6653837
1294611
1595773
1525221
1275896
718063
355364
1285830
1248181
1429432
1474018
1435290
1242533
294475
1329529
643636
6760566
1153849
501594
374837
881684
571328
731563
1412203
557357
6675923
1382577
238400
1167986
1400302
6789753
6658694
1390024
6784156
951457
6722188
6699316
1490095
489900
1128004
284984
1127468
1236469
63328
71172
1164105
361118
484666
1197808
1383526
1517817
382248
6643901
6782689
1464221
6705211
6698826
339079
850574
1139832
6656055
987119
6699827
1468032
1399676
1034980
1040180
791547
527189
503171
869230
1582852
323032
744245
1155531
559902
391704
700664
144083
483370
848447
768471
1228341
1077870
1071407
540737
1161699
1306137
1477548
388775
884761
641808
497223
553491
1121441
1483729
1598645
1478110
1334180
480477
1457499
489662
1317836
945817
6748468
290151
1463093
6610768
6610001
715952
1471533
1180335
590730
906712
1359562
1060409
1007957
6641544
6690190
6779703
1179797
1382963
899041
841722
324441
640869
542829
1499282
6746495
591424
1594014
6703746
6742292
6628155
1466528
1404164
1354476
1517191
349253
1421169
571068
6764908
1359187
829751
1523497
6734034
1354694
951360
322181
1437140
281378
678963
796956
1337546
1607220
1296161
504017
1189090
1379905
1332409
286873
1430134
6637726
757231
925448
581169
6762004
342976
1308317
69828
286391
323478
1536889
1529664
1380625
770275
1274487
1139884
6743785
1163519
1161939
1288305
671609
1262541
805092
720518
1450601
1412190
6637021
1385560
810268
1307164
593795
1195596
1290184
1172247
1477103
1322380
1228089
6670677
1355870
1519637
6683533
6665241
1282019
1188463
68176
1337634
682662
1331541
6730071
304369
6679688
939094
1096940
569748
1480422
6766876
101212
660531
1332389
6751036
6753358
1447610
403160
1384828
1332648
6658304
218253
904566
313110
904566
876852
1545194
987572
347539
896421
772441
1289814
1225812
131616
697240
1429374
1560427
1419942
989115
871007
1550742
1521499
6625934
1510418
6791666
1432209
1160078
1043809
316883
1472651
684153
278801
1451622
1458320
1457874
823593
6675437
6651133
1345719
543567
6789891
395909
896698
1478249
1188752
77323
712464
1383508
821937
1383508
1270253
6690846
319336
6764816
6630142
1248580
6732938
980039
1198988
1505067
1028494
547423
1036908
1398474
307777
6764694
80506
179383
1499829
6644061
327311
374485
295650
1503598
519494
1043329
221191
670184
550662
529269
1038115
1059875
730502
1375950
1374588
663769
640992
6629076
826575
1187951
1224992
1180293
1531785
1129234
618907
730499
364186
1228747
605470
83749
511189
209851
1024947
6694067
107492
920124
930476
1136078
705728
771237
236074
302989
1260963
1106907
6696084
277840
6609478
289556
1374101
403838
1594180
631953
870827
1226477
1486023
6621273
6729896
1526147
1368218
1401842
1548579
6653064
1251461
6790678
493834
1544636
529338
1604850
1221680
436187
185556
1467933
6713276
978906
1078431
6697728
6679340
1448447
6621286
1261293
700093
1042755
6629699
300393
1354810
731872
1454354
599782
230184
1016480
1200241
1120507
1041371
1158351
366617
375341
1147193
288754
80341
1406047
1357910
6730794
1605072
730933
6750399
1158723
80810
611318
1045984
1545010
972361
6713939
305583
233385
918194
1319064
1144568
1485143
1347156
401643
768878
939854
755985
1235276
57791
916081
82484
506002
1062511
1075250
6744185
6746256
799288
839652
328576
1541296
864700
1100606
1131866
6749464
6776690
6786295
796234
1405376
1171204
6748213
773939
91125
6791460
6701536
570024
1517298
1493690
6769076
1517476
1583395
1381805
1039161
512412
324311
512106
6627654
1329652
1595987
6726122
6733361
521359
848869
399721
6755842
6782506
6780576
809084
6655070
1436470
917444
6770291
503470
532798
62952
6641858
991758
610592
903724
1499323
863155
6654292
564265
1231360
6763035
6684791
318111
347737
773823
262398
1514611
1198634
564120
1602513
6677949
686443
6630527
1319949
6744490
966326
1443126
597403
1518614
6784029
838863
757306
6763081
747688
893420
1433426
1404324
554150
483053
1536651
75857
6718672
1213067
894345
634869
529656
1331875
1122648
747765
1078977
971215
6716511
1557471
342344
6648972
6765292
871879
295937
6677412
485072
6635041
1012451
100835
1515203
1557509
1250175
919351
1490156
6747085
1515199
6707608
1294046
285088
396650
6626237
6677831
1487750
6608827
647304
1541541
6783558
1230965
283655
6743358
759956
1185935
819390
1321383
1228625
6632454
598781
6721298
1475447
6739972
543029
1474310
6735980
6785925
1544044
1079146
1035390
1164009
6690241
965886
408763
1275157
970430
1553100
1329412
1142633
1306773
1261531
653724
273814
628193
829895
1572053
6643713
764564
580936
1217586
1049014
986473
275986
1025702
1355954
6735543
384276
240275
6693248
1288981
329610
1401448
400230
1475693
329643
6774255
1310075
1533580
404558
707037
6779736
1059922
133022
591720
6779142
1006873
6754593
1004294
1460838
1401247
764220
6640138
1158614
842804
390881
929916
1217356
1593483
1308687
1550038
1406883
697162
1483661
868441
592856
72538
1361804
888942
1291375
824345
1205749
966258
401587
6737535
346922
1274233
377109
1592743
1510578
1163976
858231
6625826
930876
1225718
1114096
152232
884242
1087689
1544280
273101
315847
6786205
81893
548405
6642561
396291
1598451
1571366
906312
1483296
1499372
1523043
750125
883418
1530559
1449828
1174526
307773
1357590
1033400
6624196
1165382
1052880
1464889
690887
6621199
519090
1048798
521479
1434426
1115083
1509136
450332
1480080
92353
775465
6739299
1473646
1105286
747784
1596208
1411702
6609135
559345
1117254
1373615
565571
6790320
1113322
1094349
504435
327497
494165
662902
1598286
343013
1475034
1554937
51948
29091
1215840
1104170
1400824
1224214
623951
1511118
1363988
1289051
388281
1286473
231371
6716976
1112691
1500427
1132632
233621
276661
1229958
6643499
1033639
888008
111731
1196276
1294003
1582321
1431251
383854
6674885
1287851
438071
1518210
760827
848923
577294
6646672
1094615
296249
399015
660052
557322
1482951
6785541
1429803
133085
1289091
979718
864766
749971
397239
183104
6666842
1442281
360060
1500011
1522431
813401
6732935
182982
884431
256608
640982
496851
176937
6776143
76298
1507
6657841
858510
1155817
1497788
6706945
6649335
676678
1483371
256751
241551
1498345
1048343
1184618
1079831
1117492
660363
1374461
6790486
1383454
190690
151808
6688285
511886
1071158
1506381
6723980
6673500
315504
6728435
6709124
347016
322799
380698
1043188
1061676
1481697
99238
716149
591173
6688937
1476125
697087
1208982
1030675
1390531
754655
1275170
83543
701438
568550
626181
6782395
1434795
1524188
1016505
1114701
1301241
1433054
1588818
1074245
1433118
1548115
1549189
6649670
6742982
1050291
788571
895459
334180
996697
1348410
1368261
1060088
1183839
1595855
6653047
202386
385695
1570480
1270999
1104770
1069012
390446
1009419
1428406
1069387
574375
6788162
1164211
990474
631074
1529295
1036898
6789481
1306514
6718283
728359
283607
395319
1467529
1157509
213143
6766583
549842
638034
1537869
1158670
1063317
999744
6724253
1546070
597381
1500913
1380943
1039261
6777467
6738552
6714656
6697060
402546
1128795
1311622
1121281
1577938
6703055
279306
6779769
493975
575481
1258743
1148444
1045143
289689
532447
6713923
945147
988785
6749005
855573
1160596
855573
1446415
88064
647063
220048
6708132
323164
682249
6667693
1029843
6782648
823416
1577872
1606596
6780180
6670583
1093736
171504
1422301
170055
1156117
847073
271253
577511
1225100
1102307
356809
239563
559763
853819
1426926
564326
1454132
326641
715337
210338
1253056
559820
306094
403310
130838
354820
1180661
260840
231800
6693742
927458
726919
1532694
552894
575521
6727115
1441115
723002
1036066
1607762
30291
757955
193661
631228
781505
1049832
488757
914659
6790906
490714
528021
1092397
1403699
6790784
505685
340603
37145
6726804
495961
6785325
1064671
314623
1215415
1436183
490506
774491
6765622
1546771
1596570
1429797
1228108
1381325
1482723
6733219
1009363
330499
309915
1474194
1488128
6767096
52848
6791024
97159
550935
958719
1260428
515878
304564
1030799
1232160
1492522
179524
1306012
1377720
949004
1105048
547735
569022
839299
93733
540476
831523
6691526
1075010
1110727
1038726
1573614
309892
958656
260351
1492498
6755836
56646
1500962
6685429
979610
212636
1524053
949678
1528002
6738089
607910
1498538
1417829
763160
1311078
1491879
1312287
726780
7122
367594
663854
951575
1450103
1592351
523000
1442842
402723
110947
628757
173870
6773310
480853
871802
6771060
499760
137934
653940
1230712
1528414
68613
1032291
68613
1032291
1231563
960391
6760124
6642639
1188277
1221546
1403005
1186713
6692655
593546
6680930
1430611
6697320
691793
563872
398473
1251293
1380569
71810
6646433
243784
1608155
1027127
209095
1048446
6722772
360839
647853
6751301
1126005
1432015
6771916
6689580
1580357
1603456
517131
1600744
6639120
679193
718843
1286352
6706270
1110627
235869
1448302
6731609
1469313
754894
1028527
301629
1053319
1467242
6790722
1288773
1500436
1346834
6762287
346766
1517086
623019
6695469
6628485
1077724
789566
1015531
501124
1322926
321074
6771589
1172871
85086
1274475
103000
1105417
6621502
6737655
1197636
859023
1009223
600596
384070
1199246
1086397
1248541
1070729
774182
1422211
1403769
6737074
1509594
6613660
658395
615377
610166
1302663
286352
6692664
1484594
1375656
833621
1438407
1515021
656575
1223093
6785249
329310
867540
1434247
6644094
1112716
1429546
1409507
1602774
1093493
1389507
1468275
855183
1502460
1442029
6738436
6750609
1231853
6610228
1028721
1411839
1386576
766930
947596
1573828
6772787
1102627
818087
804680
1126100
575524
1289081
1547525
687637
1195400
6791079
6718426
333154
6610918
6783141
269947
1110380
607841
1403522
45147
260137
1189788
1245193
1507062
830191
1544945
319729
344131
1469510
6689225
1381026
1069466
1216601
381943
1474657
6639430
1428515
1556132
6613914
856064
1193702
1094749
722537
1164631
895492
1027942
843350
529421
1582704
1308865
1338779
395355
1509621
6693661
6779459
1468969
6745522
1376912
506949
513650
322808
1347552
6655218
1093606
6673871
779630
766450
1444261
1197686
1050481
611571
1274796
818032
1508864
295583
1025216
1145858
6762927
286444
560970
1123409
383323
53066
1501249
6768159
348655
229310
1547373
1140538
1530343
1474664
1061130
524847
1169494
6760952
6704977
1526966
958862
724862
1009901
826666
6654245
771005
1208867
6737100
1111961
6728565
1526398
1392143
289579
1126928
1262966
538970
1188579
6767377
574226
494303
691100
6746333
361258
6772100
887897
6689296
760674
530293
1239694
1198928
264889
49847
6775957
264887
870392
163750
6769207
74997
1548984
794855
570287
892386
1221960
1230665
264884
1169830
6781137
821922
1456549
6655505
1210248
575250
218331
233817
715575
1132473
1186548
264885
1041106
1545326
6706292
481346
1244030
1357648
819516
6678631
677729
939766
851988
779325
282366
999740
1254942
334236
1248025
1384364
6775265
530157
833552
6610520
1161025
1406188
1317510
6766000
1126335
727981
1465658
1574451
779326
1384873
1121705
6754726
560109
1020575
113877
1161022
767765
1489724
247856
1198846
1373667
582225
1460539
1069416
6770710
1525783
201080
646418
1024249
1227185
682067
512998
1461731
1406226
6643641
603556
698865
494084
1374320
1202654
1508099
1391421
1581038
658976
6731380
780881
684347
1274161
278614
6674823
530437
1086385
1574330
905254
103932
337539
574918
6717366
501320
1599171
1487305
1434333
437859
6728079
601894
389407
967298
1383428
382686
1189309
1014928
1338290
557959
1377666
385369
6647386
678120
288662
6748650
1184977
1238780
6652665
1025749
588444
337524
769268
623579
1455310
1485079
1390333
609000
337512
519327
1490154
1132392
1130769
1183472
1315861
1272470
1360053
382955
365309
877633
181883
1059093
485739
536311
831166
393212
1283398
6728076
6784292
1225734
1101310
730008
6631877
6730038
333728
1111836
813957
1169524
320264
773146
1240168
1135927
542608
6786860
6787278
1213691
678006
1577312
245128
762663
6628443
334450
807632
604174
604057
1163781
771622
214666
714728
6779282
396658
1373232
6679998
6713081
323662
852392
6644003
6722397
1372160
968192
6719194
554156
594709
263852
1441244
6622172
205945
6631749
6753165
6727098
354553
794815
402582
6608848
372412
591414
372412
641530
572407
882836
1405479
1419172
6756417
6754384
1446298
6754541
6717416
604350
553708
1053187
793586
720402
402753
1252015
1476722
6689026
6654441
263260
1530699
627844
1549728
6624448
1402821
6772459
1358445
607171
1261441
6735705
6609265
1101741
1113558
6755499
1334886
1506353
6615370
382362
1086571
990173
1219588
988505
1378803
1387383
558318
6787822
1378808
789752
1470329
6693198
6750102
6672037
401805
1502462
6624583
1457813
765947
1222758
6750893
380014
1051005
6658926
6699946
579746
1495967
298682
6690899
1076465
408390
628351
226416
1042347
261730
1575295
1187050
6649535
786463
1526937
939686
6744539
960024
6784085
1228572
6784057
850996
572550
568799
6659620
590059
1263557
1406322
1312752
1423015
593413
1294327
539424
662350
385951
943487
1526142
1200916
1099514
1092520
557488
456359
1366200
6653553
6767769
1183698
1479761
370230
6737345
6656172
945699
278911
6748469
6785829
6695738
389511
820944
1571055
6680732
6710958
1425563
6767736
1060954
375065
1023370
626513
1249851
493219
6774585
1064982
1187790
1405782
633463
730383
6743093
394805
1604484
1047881
209886
6634360
389893
1455294
6762847
6752222
1385114
1347405
1217144
965488
1428860
1477226
6615799
517192
1261730
1597028
1251376
1604736
6745636
6744670
254011
1448331
1530666
287618
1083419
6768942
601068
392929
849445
402452
1430512
1228568
599610
357285
6609213
6734673
839672
11718
726952
1080236
513377
351721
1034050
995045
6759119
658855
1274824
6639938
520922
6760325
1285443
1607784
78985
1584160
1576297
6609201
894053
961702
6669608
1380936
1525153
479778
331524
1202411
6670269
6734646
63642
686925
1142230
1484729
1499079
1208009
795073
614927
383143
313642
823263
687337
6783038
346948
6689254
262114
294114
1513606
6779871
6746837
534373
1185251
1152458
1359479
599043
6613614
882263
1251820
6762707
870819
585906
6786632
557334
402175
677982
559586
553280
985037
902574
6714223
490586
1486272
1071372
486894
6739918
6723708
6732783
701145
6675625
798367
1230284
501193
64435
6772847
6679551
492982
1422047
84507
883012
659375
1263852
1526877
514979
261707
6621343
1101939
394647
1465241
1457687
1384808
309806
1026346
298525
6648867
6637471
872502
6783706
614778
300804
548529
876334
901969
1545619
988713
6783688
1517458
620733
1510827
1552779
571797
966167
966330
603881
1227006
1216427
1407801
1222307
6752528
1098738
571800
756668
1367137
1404135
1459054
1043249
636583
6759135
1591261
1096682
497197
151780
691600
1481959
6670208
1076419
673865
6622484
1464905
1166291
858647
6688833
1099534
686981
393812
1473597
1542308
6735498
1202497
50309
790644
263994
1461725
1522791
537612
1016663
1464712
6675455
1259443
497303
6713908
1076965
1420453
1062949
761115
6708918
128283
1185676
294987
6770668
1076947
1472013
799305
6635070
1222024
337095
605429
1521632
604740
1518153
309699
605447
1568907
280330
6773249
1334633
1359333
490191
889081
647932
718511
6609182
6628701
590045
1219116
6748233
518991
1605510
654134
908129
614479
1543201
1526116
384606
518053
832282
1111683
1444122
1444202
363093
1183406
634426
905699
946232
1123153
1155242
1378011
988223
1519447
1222741
1526137
1111357
493611
258825
925686
6768996
6784028
335955
572247
345997
529899
1400644
6791441
6638384
1312730
603006
6706470
273042
595109
6771532
75423
1198285
1514377
678612
6752405
1410369
6772703
1328718
6772143
850620
6744795
1271545
1075619
1223946
728719
363236
1596903
1180231
1461506
1450257
754733
1604474
883617
1307683
1086304
6685221
1307680
193861
1406189
1472416
1444406
6700130
1421861
323906
6665268
1312952
59598
6666682
1016447
1481746
6621487
6672187
958851
1190632
169664
6746304
1051640
1581216
6713121
516877
6688173
6694291
1382244
6670503
1582012
724185
1429376
1375825
1041205
6780480
672236
6722639
708423
929723
6639751
1066281
1069072
6647355
6763901
6729842
402123
1580294
6759252
1275135
6705607
152316
1592812
497443
753722
1260456
1381554
1330367
14360
839993
6742067
1091446
359751
6683650
884557
748472
1465391
303705
6702934
788256
381849
295454
799829
53834
286117
6674134
762412
1602736
817358
239356
289552
6637623
378797
1087905
1580600
687418
1260860
6614363
1379981
6656155
6742398
531028
590562
6724838
6623711
6777698
1514707
29402
1337785
1481879
6656167
773102
1403632
294456
1526511
6695429
1403015
1446494
6724687
1235575
1576515
6770495
229938
1432622
1319695
6684995
6657437
1487741
6755648
1469415
6773026
622171
6622000
589630
1216349
6677016
1514764
1260447
1263543
641039
6772360
1171798
862865
1526117
6737107
490932
1527668
1067367
614910
188912
902076
1214033
1228601
948813
1487150
6675965
170558
388007
502315
1603222
282105
1227914
537255
596686
6682098
1380759
276972
67859
387169
6687880
1487436
1532652
6761706
57899
68859
1285164
315857
1478655
819651
1290352
6676360
810206
516315
1515495
1377489
326548
1272313
1408771
1452709
1579169
90755
391388
546563
1160128
1462913
1553474
882512
6644331
6739401
6740679
800920
1463576
1389834
799763
1492923
1222865
810926
732088
6638032
6651512
6641081
867300
1429412
6715913
810566
797006
6713800
6702111
1160258
948694
1078597
964841
1030663
795338
219231
1031834
1480875
261771
1402120
6671595
6716561
597377
1076092
6635910
1102289
1595928
1365137
6724816
402636
1398066
545134
6644586
1456068
6709225
829462
6674059
6783482
1499840
6669039
988251
1278289
342064
704179
6765699
561210
1048496
1140570
1444828
1058895
1387710
6682208
1393281
1140573
535021
1026068
1433017
1222805
790637
1219644
1551344
1237224
6748781
6649645
6679842
512662
679414
1457619
245729
557744
286847
376006
835863
1605102
767497
1329849
864242
396423
6775742
70165
1101362
6612439
1398672
1165167
103516
1300951
294886
659418
607304
1237868
870472
691209
1070086
1485186
1180581
1374306
304230
686987
621428
524841
1526221
522655
1421936
873830
498389
6665411
344021
627173
1521814
35748
1138573
1409415
1159917
441161
1369217
1346248
6733781
1329253
1248546
6611679
756959
6705497
6776629
915688
1041199
1571528
1019948
35740
6735754
1290555
970995
625762
1196245
6713010
6748990
1475739
363770
1237729
6631655
6729146
1309069
1285338
6695232
768792
127772
1384251
1475985
399454
1475767
6717752
780216
1453499
1472406
1546227
871808
333932
1196247
1197987
6754460
1518418
903004
715076
1170879
6724236
1505665
878798
157817
193854
1164094
1410362
1374888
6751088
109687
6713899
515111
6749360
6709638
1070258
543528
1193144
717159
360052
1596202
557803
812742
1142116
1262179
635775
1555920
1385574
6774226
980873
569039
909477
6689213
6643388
6768148
1461635
1449702
6712350
1141466
6724706
6695890
1500106
1442005
1598727
937692
1162379
400072
1163190
1514704
6676079
1462745
390053
404928
404925
1130388
283730
1500568
1379390
313742
812048
748376
6695802
1048600
6645943
1379292
6702553
989389
1198060
1313723
139959
108409
1181789
1530417
485840
1052820
6613898
329812
373519
648041
6765085
872567
188557
1387055
688447
327775
6771382
1350526
1074790
843012
939735
133872
350543
1257695
91046
1169955
1346133
1498902
833364
258578
1182025
603488
315400
1584615
1528824
29558
1331297
721598
1181748
871757
1517062
1161490
258257
833744
651590
6721532
1182040
407721
1041668
870478
6761747
310282
6685259
6738167
1310441
255664
486275
1309408
1354802
6655836
1554316
1354721
1371932
29578
1155436
1530119
1172925
1429868
509003
727718
1555184
1331857
851723
951398
1579943
349175
360954
1274230
6785668
1306125
385976
730172
1531244
6748762
1168723
560360
377248
1404702
1048697
6615006
6710912
556065
6627259
1027262
1415907
901971
6693075
6665168
1479398
6750788
1347952
1510918
1338128
235147
872658
1061986
6626737
6647225
622964
1455801
1137270
1207416
1265427
563055
1454264
1605575
820693
1161174
494950
1247453
1009639
6674508
1520631
1427103
1270373
190971
1100456
1593792
1241363
610483
6656749
383562
1010579
6623556
6670755
401079
1489197
1273514
1069867
6703216
916101
6785995
6775694
917912
943527
845699
905060
364003
630788
611267
1139981
276091
1365692
6650889
1448222
1276259
1470582
1443363
905263
857221
6622803
965822
821215
6632261
6768139
510388
1010981
510392
725918
1042174
566614
1010291
6649787
568208
839424
1439582
1500214
1028520
943966
588085
1401029
1061584
867291
238547
1375176
938823
6658000
6653530
572920
1467961
906950
1468924
1464071
537175
1259256
1356249
6630996
1294317
566601
1062737
1070072
587375
514927
613063
1446166
1262083
841573
849359
6640608
372677
1493134
1440148
1150144
1447981
1493762
6791938
764736
1302789
505388
1581785
1338186
760592
31473
6774788
1409049
1007504
1369308
1378382
398617
351556
619943
6736482
6628084
1318706
1219803
636421
1036945
636421
1401018
6633732
1196196
6751550
6676807
945580
1579870
1435655
6706023
698752
1179663
6706006
37581
862833
1031697
1473978
258630
1403021
1018318
1513932
1007749
6650864
876761
6720301
6624097
1180537
6635439
1492629
1092154
1471305
6792006
1085043
6763860
655284
1330793
1189217
141471
1526144
1533308
1452934
6636872
1161947
619439
1046336
1224427
1311435
789664
326788
148907
6636667
6613781
1509549
249096
1343324
76859
391303
990423
6644790
1519984
1189859
381743
939314
851172
6744729
887673
330540
1452773
6615781
1576534
895880
1037390
772448
1506896
287012
883267
968210
6620772
1321931
221386
235544
1329742
1390800
488582
1442642
1099864
486375
6671294
6702063
1406634
715145
758627
6726594
280627
608073
1011702
1078520
1040130
640507
1435849
1366059
1389278
718007
1520455
330830
1318759
338515
1490600
1420858
800738
1216268
6776743
6739269
753592
626143
1227792
1270298
1393934
1272020
6615807
1163241
6633977
842326
505035
1046467
1519831
6644655
995423
1221378
6754346
365058
1443269
258352
1258600
960669
6623198
6638225
1321164
1411947
6633805
1091157
940911
1158466
1505233
960677
497913
6648806
1571184
496097
1066825
283158
6753855
6692427
945452
356498
1565127
6652979
1386842
1050322
157546
150874
1217583
610251
1412505
277593
1368592
702254
1480904
1575212
6644377
99965
1571854
6764023
655899
1131020
55619
1312970
62686
1126566
1245522
1212531
6727735
1582801
216348
1549690
688584
575321
732222
6774860
736878
793858
991344
730108
1437029
6715857
1391419
606628
6632469
1608224
1165356
1555595
1294304
1023631
764005
6727686
969975
1574770
1181909
258609
1334869
1001445
329037
1027014
280105
407135
1186404
458511
1400550
402198
1270196
357391
304921
6654181
1069225
1310646
68136
1101026
543459
688969
686774
749289
1040482
811338
1510019
70048
362900
6728146
1605520
1333354
1412678
1532894
6690895
322293
1260306
392004
1481921
1172390
1230742
1090467
1014600
1546321
6763851
1502147
378215
6672735
386757
1311442
6647654
6698477
1411679
208988
1594794
1423566
533144
1242458
1305588
383195
6708782
179514
516373
612849
6614986
1552931
6621744
1568070
867772
192192
677783
1077149
1549022
1158227
1598311
966024
1454497
1313848
770999
6731361
819063
1542190
6698505
6636608
1227992
6740039
558934
573052
603754
1088666
1484793
1386321
725001
6773641
612840
481085
366022
6674522
1596789
1028141
916834
978744
6689946
1403722
1118478
1322874
1550810
1392150
1041356
1027676
6677886
920928
347278
386003
1432695
1313621
6733902
1385499
1390283
1346915
1416360
372533
6666903
6612759
1457286
1461475
6696312
756048
6628354
1457153
1269916
6647823
1393780
821694
1031539
6674890
323259
614002
1458432
528098
1111051
1400026
768780
823819
6695875
894927
1470780
1528686
868470
6680952
1140645
123160
521944
6770912
565607
1533853
1436526
848047
1397631
6785972
6658879
1458366
326949
1062628
402729
1033371
6751827
1039458
6688954
915739
1288034
1571535
277187
1247667
6719577
6629592
1509889
227892
1246057
920864
6789969
397544
1454025
6706474
889924
6699131
1092149
1283649
6788290
505323
6636533
790335
1292385
1284333
1311430
971246
6715005
1498528
1171324
1033113
1283566
1572376
764973
1392030
1526946
56143
1007880
519103
676426
1214280
1427599
1030811
6771103
800053
1424361
699239
59785
871222
636683
83789
613711
897011
1186817
1583230
987379
6644100
6623383
508684
1212480
6788271
1160028
1111561
1453539
1406922
503412
1486395
6768638
1129821
408083
1373225
490187
396254
6612111
1358027
636538
59525
314104
1227136
328965
687684
140218
6679367
6647050
1485232
1289925
6625229
308399
372092
994674
1118768
73139
831904
6732875
570593
6667925
634458
63408
1049436
528834
751921
6625766
6774315
935636
6634562
818156
1187073
1412928
1518402
1493595
602770
1600882
907877
1218232
1202402
6634508
211032
6657400
1157158
1291209
1517566
1080140
6689599
6615435
6639051
6753775
1139601
1488720
6778241
1169820
1161038
1387038
896563
766648
628519
697382
6712815
1286677
852546
589168
764162
726162
850562
1574139
1179413
1462139
6710883
6768606
641965
6734069
6646374
1228633
1197103
728147
527170
1030466
938612
285203
491819
1389296
1572587
6688152
635986
1012447
716825
6688820
261680
991049
1389324
1391150
755514
101518
851017
6639629
1307561
1085829
502671
846490
6744956
6738038
483123
1049583
1305171
897031
1206548
329209
516905
890579
1335086
1067099
202983
1533233
1382896
1131497
6631978
1556277
1569924
1486806
1186646
64503
263274
718233
1226155
1532707
6785211
1297609
1346219
1570414
1440997
1237343
336873
938652
139717
994244
1270981
1383967
241512
1364829
253634
1557490
1531149
1555735
280662
725772
788765
6644692
1198220
1569925
6697828
6681304
1549378
1089578
1222715
519368
1338749
1291492
6678542
6719448
287476
6718139
6694631
619186
6636004
1510844
6781742
1525671
1155513
598363
6648418
6732830
1265699
6693904
1488314
1117874
6761971
1572137
521281
6722204
529847
6669529
988662
6708574
1463736
1111011
1248774
844681
1366498
6656221
1129126
1152367
1417927
6650773
506792
651860
6774811
1434005
6710422
813780
1520019
1096657
1080056
292032
1186635
1431135
1311025
1237749
1482806
1231586
32583
282553
732535
6671332
620521
1449115
686695
1436764
379968
634520
1517221
630147
297863
574946
6756352
1002197
301661
1487399
327731
6786627
1509784
1332439
863997
1379297
1157039
574339
1395368
68729
437489
1394184
269281
1102159
700477
1533339
867343
752427
945526
289002
1185851
385621
1074817
6667092
6710310
262207
1094721
1070040
6657367
1494617
674415
842650
989613
1524560
1254825
1007540
6630343
6695406
6683313
207891
1365865
635192
232112
941515
1121650
6660752
1188949
484636
1572785
526496
1536779
1111802
1376446
942525
505463
1227655
201161
1038279
6740327
1038279
1516442
1549314
522301
35474
6632028
1499506
6669508
6624561
481545
992929
1406259
943853
1546003
35542
1593217
254674
706517
6681403
1469642
346697
305568
1352737
1079139
6614221
1553199
1582318
634859
1608672
1001519
523418
1578985
1434743
991185
995443
1055815
933346
1526304
1227618
721824
6645874
222221
996414
356782
1255373
856210
1329477
1334770
1289993
6722621
1317736
20685
1184903
20685
837109
981773
6742142
1320745
406608
1606130
6650650
6712867
6650607
769551
6621639
1577640
225027
6723697
566788
616965
239523
496121
1322553
1292648
1452801
1013671
6714647
1356674
1199056
530002
1481340
1271496
1176201
1568826
620181
629515
1261374
617586
1221161
1251428
1456686
1286627
389977
1154493
505168
6732386
633375
1513342
1283345
551219
1159837
514783
1434956
1605780
1152489
1035594
566555
357964
298423
1202081
393351
1310223
1364339
625307
1490451
6770892
1399948
287176
278092
6620413
6750420
1283695
92609
1556988
6750415
1102503
1226562
6701763
1251670
1456951
1374433
904829
1094418
741663
1367882
1334783
6693740
1157654
1607630
783599
44471
74872
753222
658858
892591
127642
1313095
6719923
548245
1379172
1379168
720957
233467
6622659
783336
1306845
839933
569574
1309431
777885
812809
630187
1328898
1570170
997879
824418
1306521
686459
1410969
6718685
1171409
1580284
1220959
262553
735219
1541376
358354
897061
1407453
1148598
1188378
1544254
396672
616422
875741
1399351
594541
444196
1606114
1480116
1376337
1509850
6787753
709755
6649457
6729466
6627419
1581396
178418
692758
6762623
756964
1264874
6786066
1329862
988544
1390559
1420733
1306560
752957
6629744
877724
262540
795787
1439940
70489
1490408
6641797
1044085
6753173
243051
18806
90739
834407
1414725
856700
1130291
1568250
1043603
813947
1094895
1456842
1225076
1249289
1075871
834440
1268978
623959
67213
1264857
1364280
169887
178740
1190071
1047788
480432
969755
1008496
6717797
6613544
832896
1022175
1183533
1466234
1466242
495933
1055814
1400804
651640
53025
6614358
6644353
895230
879022
1501044
684448
1046637
1177405
6652684
1196568
1467609
301455
1057763
695856
6705673
6611625
1432236
931460
6743829
618424
910343
549231
648630
266938
1479686
1202050
237572
369978
1596358
1487331
6674969
646158
190727
996977
330242
185134
1459712
914912
657737
273110
1213785
6660081
710306
988670
6669379
264907
569370
1504402
1461576
369756
1132450
1015017
597444
696104
1516887
1543680
1094114
522139
513712
1250217
6780070
87524
662817
1538888
259381
496599
6741615
295818
6668857
1329826
632615
1428539
1551806
301681
75808
6624558
540627
6780412
877098
304594
69339
267286
6750106
1221509
1323120
1453051
1323120
930281
1321797
746454
6645571
6750145
1430865
239367
537417
1328724
298737
507451
74444
611175
394814
528459
1103787
87456
537029
437214
1596214
1197863
930261
272369
7158
1222976
6724900
378772
152097
935169
868354
1395507
1258839
396865
677661
1600633
606908
397649
943480
70033
557227
194955
1530590
591895
586232
6633248
125078
1247216
1131962
1445967
1393105
508769
1403495
1231635
6682552
1357363
6739582
1336982
1395142
1332868
186131
603775
760555
635236
920343
174663
615074
499500
653944
49525
376328
501608
1463512
1379536
1034698
1092967
1318609
7604
1378985
1285676
627311
1163095
1237077
181896
1286029
6769990
548798
6679726
6675474
1293689
1215619
6748444
1014179
1189110
6760679
182659
1068807
1247460
1354737
915945
1181819
1352888
1181819
6673532
464769
1511294
1381538
6766480
1375153
6623172
869919
1221371
6669022
1515332
693800
590925
1293661
6703948
1100605
1162096
6652770
347742
1286069
1470903
1451029
6728022
6744099
839738
6635721
344241
6737385
264207
6772419
1455574
284431
73691
769032
379130
1295362
571768
828304
6682332
843156
6629281
807181
6765967
970424
317244
823123
1209809
861133
1141653
1082943
884128
62626
1122311
1158850
939521
6654684
6683219
6786202
654209
309823
543754
660410
1140633
6638300
489789
1320462
891666
1607534
1469738
1530183
1208937
1283118
894944
536111
6625278
818361
6699283
951254
106162
716660
543030
6674030
1359548
1534405
1581774
1534342
229702
1259745
499989
1606616
823172
6614189
858116
395250
627401
6733519
6705515
6765933
1142206
1226737
1286049
1365010
1398705
1508162
831016
1430736
6789054
305080
6758719
6762581
1407954
368443
1122447
676957
1531670
1401917
1400574
1001389
6673079
337036
6728588
941213
1269677
389443
323583
1049630
1399291
1161717
1385152
303460
