6793653
6794870
6793456
6794480
6794251
6793301
6794239
6794216
6794192
6794039
6794590
6793562
6794487
6793964
6793203
6793114
6794185
1515187
1223764
1405790
6794347
1391856
1112494
948033
6630604
196682
1086920
738390
196324
1394825
384717
6723536
1448440
6794599
1072156
1135152
1251060
1238315
938141
6722158
6693872
874318
6648130
6770134
6632937
1179597
1480925
917947
1436976
1422616
1500907
1601198
196685
1421077
6774349
330516
336889
292950
1231266
1046709
6676062
727344
1119115
6774339
6779391
394812
1577421
357548
6719913
1427978
164944
542875
1372466
6783677
1008013
6749287
698956
1312580
1389668
766060
6752662
1157520
6739217
1138857
6749360
1410975
889414
701489
389965
1198433
991161
807334
1393054
1481208
1094127
6714187
315246
1544729
6675748
920888
6643527
1118203
330417
322678
608835
1151576
44985
563931
1464854
6688925
6772013
1283743
1354833
554209
1469239
6635803
1331001
607379
1542882
136405
6623862
1372415
1412231
490023
484809
6723871
1090870
6713109
6783413
1379017
6612134
6679203
258391
272537
644669
889290
6628155
6676041
1423838
757938
1401716
1275288
774448
671881
408522
774561
1270053
1603906
6713268
6785042
591892
1376755
1111629
882588
6724816
397090
771916
402729
789752
1481813
1040689
678058
1071430
1555043
6692282
864856
1597741
1555881
1246057
1272749
1607890
1128275
1492171
6750893
6620316
1181839
6737855
6665718
1464643
6691303
514452
1476392
504035
6704620
6778596
1605222
1553519
649823
1162151
1426205
550951
677957
1580357
408390
6653264
1263097
381347
6659921
889974
6649526
6689417
1453548
6643635
1469654
6625633
1217583
1358122
323662
950733
551425
118560
6751522
1445315
6725066
6748186
563047
6684692
1437371
1201730
1049926
6738277
285620
676136
523812
6772459
636987
6671838
1445803
857453
6732064
1397446
277858
58305
1389077
6673330
274235
1028859
1231673
6724083
760001
512312
369944
1140210
1231998
6785095
225810
640836
618854
841506
626520
6691335
253342
1498277
675310
6758729
1317682
1520991
1258082
834565
1543479
1010674
1101943
1448626
1186702
643199
1346353
851291
6723253
1519245
1489574
6691236
1275443
755891
858253
1289262
485659
1290791
698809
6791297
1063721
664923
571072
1399691
1547646
687093
1498743
300148
1239943
1275695
595825
6681325
6749330
765138
1201230
1331647
938484
723135
1239818
664305
1405067
1043292
1216478
274244
1360498
1389400
1289096
1334322
356416
1445218
841107
6725852
1597127
1553157
1160702
6709821
1288707
1480802
1521324
730488
1273725
694828
1094849
1555267
1234697
596925
1379662
1476640
1274987
1380180
1159554
1161038
1604975
799277
406691
1364903
1156159
621158
557357
511204
1399267
1479519
6787761
1608125
6701125
1347224
1486494
510388
689391
1037729
6714664
6614784
1593783
1335517
1102013
1438562
1250175
1043479
1314554
920091
1425199
1127928
280360
766837
1437380
811212
400184
1213002
6730295
400183
529828
1075333
1477802
1408382
1310617
1272297
1230965
1571997
1575645
1412902
6727130
1474101
519126
6753455
1053479
625493
6644168
6633353
1230350
1077327
1518243
1312369
1282373
572085
1239370
664118
584272
6653932
6643285
6714724
443091
1330498
349573
480551
389716
1247456
6729730
358339
1223171
396075
1517547
1544932
6633782
6637334
282189
6612859
6762366
398325
811473
1126614
1141759
1384765
632804
344679
554204
529234
1388447
1284171
1472469
1318854
6759049
6644466
1599595
691796
1524839
6653450
1537655
6631548
1576767
6621703
769369
319186
644093
1576709
6748974
303865
519332
6647027
6693526
1035651
1093524
1541366
1601849
6720063
584101
1575839
489914
1548854
506934
1152915
1598580
1544921
1157600
6784466
71172
1471927
336142
1534358
516860
6781427
1463147
6631998
1171169
1185935
1101245
1238670
1509862
1597227
6673532
6716358
1189509
1288840
1457396
1334601
1502020
1130131
539508
6774291
6669510
6646280
1240108
1552247
600417
6721596
614434
622331
1405400
919351
620050
1607679
871832
1607226
1597251
1598087
6721600
407253
586146
676800
1500225
1602925
627297
6774469
843459
6610112
6730698
1111812
6715137
622491
1330561
6762729
545371
1533745
239345
543514
6693079
6695667
6746612
1581094
295503
1391461
363262
527609
905377
280053
905377
280053
6731998
1219512
6639273
6631267
6786394
1182770
1396220
762972
6700486
902672
72421
1185702
6657214
1537084
369938
6709550
1513923
505141
1554992
323659
1119728
6689707
620846
1099893
950647
820635
1476089
533824
1153665
1101425
1258943
553186
717864
275024
1518744
6688656
53449
1464250
1158164
763843
1444014
6769468
1199399
6656272
1076831
1186410
1602713
632587
1282154
494124
1320173
1405951
6718132
1077109
1034221
6757762
789149
1450339
1249871
1421687
1261736
1294533
1282137
391548
877898
1027980
6692238
971085
547157
6723727
533281
301469
6690117
1361501
1239516
1292141
988092
510830
383731
6786147
898444
6704526
6713179
6675956
960390
398996
1209008
6628621
1402047
1213514
6626872
764736
522616
1292211
1364055
485430
1209022
6680846
1187457
357085
1163590
227224
932677
1498495
1394284
1434680
612336
6778375
360972
1572849
620502
6711352
6736482
227227
1601308
531125
6694828
227221
305072
1487383
305072
1487383
1230562
484003
1608338
6772977
1032563
1139826
955987
693019
1226861
1440467
726983
1596372
575613
1118585
1477036
1127677
6638581
1532803
6656291
1394016
1428908
1488381
6777656
1457996
638430
1527002
6696519
1544858
1007735
1210369
763493
505578
6730768
6790447
1310034
1355867
6719165
6609974
1161220
6789264
765402
654711
6714322
337025
6646592
1226678
726180
6676003
1385753
399250
1048991
1290662
271934
491289
747346
6688395
6671294
1469363
1599415
489760
1557571
528414
1348976
1128352
182829
301687
792421
788939
1142329
1320987
1381276
619186
1532923
1014921
640982
124704
1425393
1473754
329805
762286
597866
1416285
6786747
596049
894271
1399676
1541399
64641
1068857
1224464
1068857
1131058
1515769
1094309
598363
512558
1239099
486200
6677571
6647011
6652556
6649418
883969
594932
6760466
6789123
6760078
233287
1362256
6659670
6750256
311596
789578
6654672
6734849
406005
393796
6723716
691736
1554996
322855
1347220
1272053
77658
1577558
6690789
1469477
668398
81646
718731
1600677
6723737
809962
550688
1497765
908267
1497765
1400658
1090223
126331
803797
6650807
1076286
609682
892823
1232098
6658041
6631850
6639824
6632267
1344969
6790311
58829
6630225
395549
1506956
1281444
723021
1600285
1046278
799296
330437
6669678
6707163
1570363
6670618
1478047
253474
1432037
1221189
365030
6715925
1425904
1606265
994164
1386225
895833
1511154
681284
817804
1197789
6724654
6792643
6648193
1121680
6646999
6656944
1209917
1608388
1480963
1187702
1354694
1427236
6714478
357255
6677534
1596082
1190520
726436
1062444
1177614
1552123
1578135
1198945
1164425
1446923
1529352
663032
1225974
1447219
1234794
6719521
1283265
1264773
1409490
1237369
370236
721473
1239293
6751777
564443
1515321
6757704
980560
1187292
260715
1223951
798103
1077853
1152527
1464589
1224019
694414
396695
362889
530402
6790016
1306578
589877
554227
784884
6734623
1198579
1051804
1448171
676176
1532931
276547
6750695
686508
1405796
1162629
119935
1155312
1025973
528962
490496
6723959
1511362
549240
1576902
547991
1218938
324574
1468951
1250027
645481
6671025
1286024
552861
278584
6629240
1406607
1151508
6674179
1262188
564541
391376
1223481
1248301
164378
589201
755171
1533189
1248479
1139619
1475359
700965
143998
1402898
571687
1352881
1292164
130535
1521017
1408173
539879
6777828
1113741
598432
849046
6659167
6765359
6744511
1473692
6754270
6722187
514780
1000766
1602958
1356993
620055
779209
6708822
1527402
6751870
895165
6758156
153802
1407439
1154224
6773444
674869
584756
1352989
1379061
1553305
1332070
323295
1499984
1170391
1043523
251648
663740
1382537
888866
1379669
6608980
673931
1236346
1030557
756708
559236
820856
642094
1220294
1596245
1411813
6763690
719524
1310744
6712637
6769197
1400880
6766410
800511
770198
1423453
1461332
1079811
599641
1475979
6658491
550536
1037590
6639161
1398135
1479566
404830
1003247
1384168
1384170
760391
1230081
1291286
6761143
1239908
378900
1344747
1571078
889457
323269
550732
349120
1555801
6693070
1402612
799498
540361
701174
1228057
6762257
1496771
6644716
904093
1456994
557188
1553215
171526
1398667
1430490
1227936
633460
6651009
730411
1583421
307902
6722884
1186653
400846
1450525
1487720
58406
1239260
729456
341117
1046410
1543049
1275758
1219892
700662
6636702
58876
1008900
6790434
1245787
1511484
569850
6775465
1128175
6688066
622409
1452420
840415
6668939
6737549
1473785
524166
1240248
327507
1577128
798145
1262581
6708777
324797
937908
1446762
1368049
821694
1318949
331487
849957
517207
1152482
6724242
6675178
537662
597048
1294365
304996
1471408
1069144
1048826
6629598
6748301
6778342
6667751
1142207
722617
356244
1245417
313332
332988
1185270
1480408
1465773
6694745
400865
1570174
526650
6697599
6721718
1555313
6665168
1427938
6704281
960151
6700466
6792658
6744801
6721187
357553
304370
876221
6671071
1536630
1525083
1493500
6740408
1474657
1582807
1311761
6675509
1594323
84630
6633543
6671348
1328776
278804
6758653
258755
1580878
6778288
1281768
677512
1463104
1486603
1261415
850268
6703137
883474
1464965
1409830
1513777
554941
323032
527381
62651
1118666
6739206
489807
1215818
378984
620081
505975
354438
1377134
729025
599634
6766106
1161228
351642
6690081
1036994
1172711
888849
833602
6780063
1541649
6782278
1213162
6741108
483277
6630634
6793563
1209358
1271492
6793592
1027569
358019
767882
1467407
747800
1348245
1460551
6730493
488721
542823
118350
1384938
6714416
1394065
1050354
1294668
6688691
855235
1518600
1457076
1230674
1510357
1372229
121920
1387102
6670910
586364
1477584
6725223
1307831
499254
1109957
569370
661484
1032242
537359
393725
6649311
800044
1552908
1488098
6698819
1409097
357959
1484808
687115
922604
397048
393123
1425016
1517984
1031939
119767
1440394
6785131
1400403
988749
1230745
662817
104198
6769995
894545
1218795
1282430
800976
1533742
1335501
1123112
863050
1452262
6701981
6790902
876224
6723260
1372170
1441631
355399
6670873
480091
1219367
6723712
68176
842841
1573966
929927
338990
893759
1338837
1115399
1237273
1220639
151705
501286
764105
1153849
6772512
1119859
1607691
363394
6637970
939261
864433
992019
547423
1408067
1132984
821465
1569028
1536650
1048317
374052
285579
722643
6718424
311671
745178
863810
1162834
991025
732392
1452963
1497953
1215286
805854
653238
1285479
267948
809375
792755
1028474
700329
1599409
1290710
205627
711686
1259238
236226
1465528
513303
6669945
1119612
6655263
932285
626704
1514322
971179
328233
326711
720676
1082933
1479573
1391998
1263603
1121453
6649645
83888
1431097
977694
702470
1118972
668094
1224070
1437305
1595953
312632
7761
992053
745176
681012
501861
504327
241243
6726871
149411
1479493
1352692
1248094
685298
1603781
6723773
6674043
214177
6788271
1521987
991207
284129
348222
1409439
929135
1509881
1507166
772513
1429458
1484235
1058474
1094852
6691364
69962
1078597
1227136
6625229
6784873
601914
6642986
531211
1511688
690502
1514973
1329921
315671
950236
1131593
128236
519625
286650
6679556
674786
1291985
365120
6630830
6609011
1225729
1412939
1366522
6750826
284770
1594271
284779
6695197
6703707
1331753
6697295
1313376
1245245
1329786
6630854
6771905
643357
1569813
1117798
1527986
1486334
1381192
1068543
1497705
1026002
1278583
1191548
699915
1421986
6777639
1122029
706508
302973
360427
1414554
1429465
992841
1142011
643963
6774738
398257
723179
6650858
1126053
1353639
312711
1226605
519028
1275615
6712578
571807
1543702
6726419
712640
1195680
1356902
620508
131484
1592602
1545689
6735498
976497
1488128
6788030
280703
756071
1309399
724042
1139881
1073001
746622
328299
664051
1533600
1292169
1200781
1103095
321247
1595866
290248
1608155
594110
331343
408892
1409319
750764
393448
1110905
710154
497606
6695276
1215177
1309571
1105518
6629191
6707913
6615172
856680
6748468
1454173
1236997
1580139
6608996
1057248
665973
485641
401470
1330467
1451239
593546
6628562
1171189
87726
1179214
1152158
562042
364543
768008
6703948
224717
1331936
6791423
1286502
333228
1034937
1239288
6716568
1124622
1332877
311549
397310
1357519
792789
1031078
6644320
1309999
1188566
1118560
1219205
1292371
797957
657434
1374364
619111
1432594
382949
6695924
559893
1187416
1319899
832427
6785442
1118325
557329
403934
1165174
6656172
512850
1421056
1119194
6724618
6780057
6659620
657439
6742857
1023370
919813
6716373
586615
1465011
376085
833585
6678725
106148
1274261
857114
1433426
403924
1251400
6722239
1572993
1599137
1494397
1257683
207040
1438337
6733078
315249
1042172
739995
1557673
6627236
6719513
57690
1272474
1262805
399480
540847
1557471
1486904
799182
1372784
1502399
361118
748235
1379128
578183
869716
269359
6635604
1262789
931961
1441603
1425947
6758735
1596927
1549815
357142
282330
496213
399237
6765623
1406317
6659374
657860
673866
513585
6682011
651687
569207
1239563
1042392
384050
1201976
1522250
755140
1259172
1354088
1529014
605245
980491
6772769
1363778
334236
641832
756001
6685238
6636138
826331
1410849
1604750
1025753
1078930
534843
1231154
1143184
1161699
1595723
1100893
1516045
1598714
1400112
1141523
1500924
724325
1228246
286846
534857
514933
791547
1224632
1154777
378736
864126
1444803
724038
1383975
1605731
1570222
6783542
1111980
239064
808046
6731622
327671
744245
918917
1603082
436286
1034980
6704778
914134
486079
399351
1220089
1380042
715876
6791650
626879
914066
1606946
1037377
6673555
1399164
1296173
868294
560396
262530
1334180
1329671
591384
914120
6695682
382860
393650
1035573
1036373
1458815
569237
572701
1006830
645452
6654218
1488473
6754065
1377909
1051315
994673
1526296
1495668
1220733
1377800
1264595
6689375
1489879
488725
6750672
203945
1034799
286873
1486061
1131864
6700769
363194
1427499
360141
6635064
6760431
1168747
794078
994688
6776181
347723
6749372
582166
539555
905718
398818
6741795
1494332
1472878
791563
97541
1548591
997569
1377529
396796
664033
787904
1595090
914026
830191
1522267
1473755
655595
773382
696003
963006
955427
258662
1372417
6646681
610292
1457023
684504
1291689
407325
1261389
1063514
927146
1353667
1335689
404178
1462658
1028869
1456418
1463618
914131
511109
355081
6713349
517200
6675380
6665762
1458028
1209530
1480704
690072
6756190
591625
1460694
1189224
1481323
597183
401825
1516000
931147
486986
1046748
1285572
720872
232575
1364105
694756
1290171
976464
866240
1043440
288957
1435951
6680339
1002596
6786310
1048443
6680342
405788
8479
702469
1251102
6651425
6674258
1288979
619930
1346653
992415
485832
485252
1410135
749012
809077
6712710
1440857
1570142
6766540
6648136
1493723
798997
281293
6762512
1189675
6716392
399350
6716392
1190450
1075022
11733
6732921
1248104
617281
1180425
6717020
909604
6788242
1484508
515621
1541986
511905
1469759
1322475
1228271
6695110
1035509
1031279
6738740
6727396
1297942
396006
1498731
515430
570676
1159179
850034
561562
387904
587715
823895
1403470
1012458
1555263
6736403
1283972
852887
6745544
6790393
1181255
801194
843184
1269900
1287334
617968
1600673
1229923
6620838
493772
1014117
866474
960879
1428562
619386
1074787
6774828
500478
1288059
1383818
1478494
987267
1016849
763307
1486113
1230793
1122427
1226203
649516
493051
6638396
1269738
895084
1001973
1336088
6723187
1480180
312620
889351
1550495
919869
1229670
569442
342621
456359
1480825
6794531
1169776
539680
1476754
902633
1482876
6723399
1309485
632576
571569
919141
264812
690183
870306
849050
6683706
264658
1344804
1431613
839365
938739
528097
1453790
1479436
572626
570918
1433689
275497
1342778
1222511
1401212
1353466
1249889
1374253
1165412
6692734
1379145
6655221
1441203
1552274
767502
1438797
1222728
6676438
319502
1475821
881177
1221697
727618
281029
791334
532980
1221821
6724463
691685
1239665
1438225
1438111
6711741
239021
1063198
1312343
889253
869197
6705039
1222693
1307425
990301
1551011
1294624
491787
1320290
551378
1422613
400152
311422
1530930
1319569
6697768
1295352
1258506
329621
1132673
6690040
6696062
6741325
661340
539849
1228007
6713310
6622872
627186
1377944
1429777
965963
1070455
1550966
480998
6657267
6738584
327999
1367425
376548
1289996
1464384
312636
1464481
1524189
1031425
1182861
1241863
857129
388231
989901
574236
1219141
1524924
1269740
1383247
1210282
6644833
6784695
6689822
1224940
1376139
1542120
1248720
1440004
290083
1380562
1444385
402580
408911
1574755
1231922
1224531
1154082
6693297
1440546
6787167
1251517
1446015
1405240
386735
992166
1405443
6773997
379319
1424274
1510531
282214
351680
1526212
6768988
1035469
1595563
1270174
1053259
1364620
6629144
526619
522827
1321187
719789
1216919
346502
1596536
6688835
1231417
279718
1015169
309587
1406662
1207092
798847
349364
1431124
980039
399645
1377520
1532915
513275
1063361
623803
1422617
6653578
1601756
1348726
796327
1215786
513017
1499202
856888
6744263
524617
1426534
1579645
6774780
1447216
1455846
1032632
490340
939779
513284
1605402
558840
1047757
6615799
1453318
1244710
6628420
6669688
1508417
1230769
1434327
6762088
1602210
1227655
692344
6715569
1159261
1312989
175257
840395
794564
1386546
1080231
929964
1574915
1218725
1010484
809809
1509415
6783275
1478264
1406259
829818
6667089
21076
1161169
767091
1215179
678385
1505425
1236183
6632719
515434
1598128
1437455
277480
772701
651415
1179564
511513
6620988
6794816
1197895
6710838
634225
6732543
6746602
642187
1307153
618764
534601
1378052
1555646
1521849
585966
400454
1428932
1219254
532974
629014
6614714
772629
252982
1545547
833918
6756074
1009652
697490
1573018
6794677
6761434
6680175
1220734
1608445
839995
570589
6614044
1143305
518394
6780623
6643825
499608
283554
959898
1550772
1094013
944205
6747064
323185
1424342
1449370
1183579
1487698
1480430
1437379
6693839
1572647
354766
346519
273386
830832
540644
1499733
151489
947746
1141862
1091889
1550228
1012445
1045018
1569596
6615275
1079156
1078356
6772780
336588
6634950
378351
1157385
777484
1374576
1309089
1200442
1275059
382458
1098402
1012441
1154339
1575712
508436
1432348
1225371
1358702
1229843
1542792
1511856
6639087
1033871
6626953
1101008
1071296
283440
658835
1263022
759551
1249614
398904
1542172
626076
558005
1310271
1499516
1376816
1399232
369702
1110786
619316
1216564
759627
1330813
1161325
1141064
393880
881449
1464156
1360523
1199263
1575429
585006
396098
1230397
1039744
588210
1574870
1423747
628592
393597
557428
1306085
1216947
6780184
301774
1577901
725789
1215488
767422
863568
1597146
1156591
6611493
1201494
1239393
1330148
6777871
995006
1219817
492237
1526988
1483863
1547939
1544531
888941
496265
766730
774102
6697817
894210
726512
1553279
929450
622142
943288
303035
1352603
1320824
637316
1485668
1507792
1321397
1179756
831432
1283217
1544526
320229
6631863
1377211
406588
634826
1560420
1027078
1169802
717779
629609
1439133
604256
1544152
396684
662040
753227
540998
1426950
353422
1596447
546877
902040
1163646
540396
1319139
1518640
516530
314233
527235
659787
1474956
717048
716029
1128724
1264884
623637
1030535
527878
1382811
333052
563512
492632
1160949
868492
71239
1160877
1407740
812983
1375327
1209344
311893
6624766
6775192
1125839
508547
1527079
506399
1310119
1401953
1333047
6775175
1126377
1187732
592563
1500093
6680324
6769617
1464286
215575
723158
6684073
771812
349348
1152688
760980
6726228
73141
1404572
875608
503052
6718121
1549452
6645509
849835
1404372
1132417
1160275
1079841
295988
722038
1272686
6657590
989843
230103
1033765
1472600
521659
1318297
1249537
404095
349311
1068842
878754
328127
1408919
486438
6785169
729692
1040264
1599960
388534
1507582
721215
1392880
1263427
1329021
1399402
6757224
558864
1049621
503445
1102680
1181982
1057560
945423
1025099
264466
1040544
6760621
1381466
1500207
638418
347086
1078189
1032238
519421
1263294
6681039
6681319
489673
496913
645890
650961
644867
1075936
540660
1401706
688047
1271559
820077
6641250
1424070
662805
1484638
1226184
6737029
893852
399571
993842
1486770
1388122
513633
1431899
1174123
558269
1189430
327111
185794
809304
1132058
1245250
311176
1595279
589837
870997
1050347
126808
761771
1383061
597727
6702834
760373
1496533
583235
1593602
1392080
842721
1257663
1461403
1575860
840253
87205
1332244
6783318
1292906
611143
1263242
943855
6689221
1046442
6701632
6712874
729439
6644129
1509299
1506866
1198055
1162449
1215927
585066
6793064
1209002
1511718
1183626
295694
6683993
6623537
678725
6733066
1170881
1032165
323055
1519748
1527639
1040742
405848
222580
1579322
1048360
553665
519750
1390920
6667118
1346801
1375562
1554312
1424069
1602692
1008529
774462
951062
1551761
6628689
1486149
1014792
1517884
1593226
1368077
137853
1499710
1425746
1582557
6760390
1554815
615344
642545
1528138
1180776
6705219
6624827
6772484
1263446
570513
6768801
841649
1602752
488775
1283621
1505678
529072
1593311
547398
346806
629471
925892
338299
365728
980347
1465812
6650864
365650
1247902
1197536
945001
309656
347640
1048211
388510
6714113
108429
6756589
6610899
1223660
496822
858193
1593211
249096
6627227
916466
1435651
1356710
6651472
258634
1246218
283305
6706938
6627225
76859
1109323
1271549
817665
908132
1517050
1528086
1005136
1367743
1282510
767871
1068078
114525
6720911
6753877
1500476
1321347
1407778
626800
6761105
6610118
233614
547637
321034
752086
6660775
786362
1469449
1464172
321441
302975
6756298
1234449
60259
59059
6768514
896794
855550
950485
1394119
1162911
6694278
1402120
107821
6788216
1215790
534065
877630
590901
6614370
1275727
795628
1429502
1485694
1580079
1497920
1572521
511724
1140573
1444825
1565042
1321576
372365
6624038
1198755
522177
493818
1545194
1583949
863868
1454805
1557213
1291996
1117987
915856
1127920
1408923
869740
1079230
285073
602233
392311
6709324
1353107
1347042
269947
1022247
1492337
279007
537321
1607536
834438
1408027
650835
1100303
1448059
6653270
1430864
1387783
665736
567162
1601890
1510675
398992
90842
1141284
1395801
760742
6631682
1377641
6772131
286197
402753
1376980
402748
1331861
1528569
280786
1605177
6786617
1603119
1520671
665311
1555172
1523567
908632
939026
1382442
602974
389892
1518012
1510544
1510875
877542
1354644
1452711
1465746
1419908
522434
6655963
493800
493944
75491
1521466
965467
583985
1493033
632972
965488
863674
1329145
1406987
1496962
1051666
6740268
1126749
87723
536722
6657231
6678218
1089940
6651305
550879
245173
1202249
6709225
1309224
6644582
1333382
645115
6714868
571068
961030
6748781
6730505
6657364
398346
1199628
600816
151501
1219644
923748
1383396
399369
122634
1407129
681126
637432
817643
6782919
273072
1145663
899158
1276000
819594
1517476
679414
1035167
1274146
1595987
1222041
831475
753175
673702
749911
508441
773443
1122722
650555
1086580
6638140
1390720
6691421
1375343
1122637
676803
1201498
1402372
1179331
1428099
1603301
539915
1182386
282616
1052401
1042690
1293374
606765
377484
1288759
659918
493213
1406723
1605249
273508
272472
1485346
6615131
1306414
589655
6777085
1443486
546909
313544
1332138
1546332
387686
643798
1450262
1431569
6689254
823478
400392
1216631
6681396
6773594
688588
6792268
1461601
833355
871879
508480
363984
1497385
1016380
1548708
6682664
1475368
384122
1248077
795453
239388
1542090
383089
6700704
396319
915832
6772851
6692883
1360558
238556
1274026
1392915
6706163
6786302
1479403
511673
1100834
1387981
1358969
1326374
1480223
1248774
1270856
621470
6683693
832252
82847
306806
6766038
6621272
1464025
1451845
1465048
1030176
559468
1212716
988902
1462910
1164428
504852
887799
1231172
1262204
1485862
253658
543268
333187
151993
6636889
1230487
1469059
398300
272119
6783558
1188071
374844
1046198
1506236
288000
274541
649858
1240322
1180382
480697
331696
1462849
6676403
798046
6690241
6623464
1571700
274544
480784
1309418
689578
1573713
6636650
1488335
867593
722728
1007326
1404835
988488
1483941
1209053
660227
1453209
764564
616807
336061
1492222
510332
1118369
1025491
1515716
688525
623675
6791502
286774
1545485
566555
97389
345015
572217
6747019
1482103
1196726
863968
534702
1546457
731934
1521825
228623
1376290
6619290
6689575
6660135
1035679
711983
1039874
6712779
971084
1167417
1385266
832542
6627127
212625
560426
730093
1329057
200592
1156358
647703
69339
272778
1469218
661953
892485
1170045
1139194
1379789
781128
6688631
1132133
1414488
834440
1186365
6655290
548449
1222666
1241607
1322709
268199
648672
6744164
6708602
6794747
6656764
1597819
759495
1105826
1199837
67033
780718
401296
884799
1279575
1481514
6790041
6764073
280864
884473
781132
1451270
130523
1445640
743100
526646
1132432
6733714
1309169
637426
1288669
6631619
203217
707478
1471864
238421
672011
806437
1025005
1162386
238490
1325813
1385023
436260
1418370
6651341
1179413
338727
1380225
120593
1319231
1162383
1242480
569047
1049208
6742236
6753775
408333
6738152
1309069
1389296
1388250
779319
779811
1026732
6714386
1349142
1431318
516905
1453050
670732
6659014
388472
701263
562692
6656664
723676
1132661
876236
1199088
6651164
231521
1131518
1470203
747319
6649717
1192503
783920
533910
1249390
989753
1547640
1041191
1518909
6726849
717466
250379
871802
650552
6706444
1395523
1050504
6748899
1568351
799537
6688890
1188277
577729
1199962
1441661
1414967
6765590
29434
94820
346399
1170863
1214420
1396237
6738751
1508540
1403476
6633243
1163221
1161799
615569
1439799
75830
1432313
1309220
832604
1274989
134523
1286980
6766128
1048632
878679
1229838
1288703
810926
138020
548308
1179387
1111262
993429
1581066
1070572
1442726
1442645
831539
1440531
462247
6684274
1156657
1456480
1281755
6653710
848458
1522919
1455667
6645842
1290378
6742641
6677561
1331830
1582674
1229648
1437395
719956
1286096
568372
1365231
1377406
1496528
301126
1453541
812646
938334
1151750
543091
116529
1455983
1355921
6658385
949635
1415377
1190266
1380380
1605510
1276259
1580946
6615276
1583529
6774962
1364135
6688383
928677
1432685
1525339
1464876
991556
1465433
1501043
6789068
1011205
1335542
6768139
1245900
959469
1237523
1445005
1322995
1428718
289352
1245376
6774352
6653837
1232013
321942
6735869
1135161
1605575
1372424
1393991
274577
1492600
6790873
383342
1475567
1294469
1400263
1296201
1531372
688894
1458155
570686
6668798
6727954
663041
1428219
1153405
1289547
378797
504995
6769906
6793057
6782215
1077972
1332130
918498
1477450
401757
526943
1234967
1427215
949310
1456647
1514707
562070
612133
1190621
1601960
649938
87474
1330442
6628353
1450960
1410395
277851
1330374
1525221
1338458
229938
539661
1020398
6620867
1495382
1456242
1380847
342223
566690
1055133
6789665
6785053
1196723
881684
1376469
1390909
1081109
1260447
722896
589532
284984
1244410
1402284
1229211
337285
1547014
1472063
915988
388007
1329168
1308465
493440
1461475
1376471
1330451
528868
1436635
1355830
616834
1520167
1544934
6650984
1413316
1374644
6700396
1592997
1315030
732070
6717366
6614166
1122300
1461406
1487878
1434450
1400026
1259127
628078
870822
572470
1101506
519271
1272588
6713622
1412429
6646854
1578771
1338290
1476678
1479469
792956
496811
688786
89599
1062628
283799
824119
1329529
1367464
765991
1287319
72202
1576756
1247667
548359
486133
1181132
6645478
1038679
6789753
1604875
1283675
1006651
6746139
1048750
1601509
6643790
6649928
1410585
182447
6731694
1534463
1366312
511228
857689
6752317
646823
6691398
283100
1089286
6627257
610166
6717159
301527
405085
1580398
342470
1400791
6729473
907801
1294242
593777
1284646
294482
1222534
392552
77828
1468275
400831
929865
796597
1289186
347293
517090
1229889
1099939
6670692
6786466
57206
6728318
551276
641256
1450557
552658
1100659
1376975
1257711
1083044
6691205
564120
1128998
1478936
1542680
1514141
81716
489717
6703312
1110781
6794855
1549650
960768
6757991
1577093
1551373
6675425
848553
760902
1337959
56885
768792
399705
1223213
144475
6758886
1163474
336384
1040363
659041
1100454
1088880
1033817
1401449
1392913
6684558
288484
1221462
389265
1221462
119726
404615
1063501
903975
760724
6688360
1248749
671643
1392095
6761460
1392537
1482250
855450
1438792
871808
878668
6727370
1365169
6695095
529707
690414
897076
1367393
716070
1406406
1141570
6633603
6637952
1492625
863147
748504
1201887
1524552
6635042
694470
6660277
1313157
6789261
664197
520833
213329
6754192
303112
6614435
6726588
848167
513514
6693007
6733840
100434
1405960
100925
1157473
1172047
368360
519445
513509
843364
278718
386225
508903
6715151
335038
1293966
6785995
741593
1404974
1130167
905888
1458620
513549
1294584
1402025
533219
1484706
6747240
918385
6622803
1070310
6737014
756721
1363722
1183406
1514070
764824
321238
6642253
1308763
6771707
864577
1572745
840880
6792874
1489443
32613
6681021
360789
1529976
705806
99648
1394970
938246
340579
320816
841056
343846
863907
872300
6708782
265624
1404262
1455775
6759502
1397631
856315
1375225
1335594
540099
352651
1593981
1101143
1158227
1189078
716665
1386401
364092
402994
1303064
1236360
769900
809055
483750
1236762
284997
1596305
659792
1025184
843454
345982
612193
1117123
1102159
687082
246132
1275238
1370118
1163354
1089172
6694239
6644798
1110120
1555275
1029044
6737399
1295869
530875
6723608
1545091
1532407
1229805
753327
1163601
842650
1570254
904614
1055076
1032120
1231625
291571
890050
825086
310302
572460
1220688
1100372
1030232
1443970
56143
6754787
1163645
986553
485154
489950
6695406
83789
282950
319529
1113012
1508212
966209
710165
305096
1189127
1318906
527027
749038
1529144
269322
304936
1219493
539097
1071540
1307784
1486395
1426532
906867
528921
6742189
526962
1214352
311283
988505
1086493
6697526
949905
1485734
6780002
1311070
599517
1208856
360345
1473518
966329
768764
6681566
1110906
1475300
74312
6648477
641840
6762833
6741380
511664
627844
1311561
195919
1471331
1231968
1355595
111721
6769339
1312317
1423088
1272091
673596
56646
6788436
6660894
1447022
954488
1495116
1398799
800738
1082796
7122
1368321
287842
1409649
1493390
6781445
1500124
6788789
1549728
375323
6757139
585712
6658869
1110619
6657808
6626018
1396242
1183801
6729284
1356939
1510109
6747422
358153
869152
1594469
1405522
110947
1408598
346893
1349204
1132062
1142987
924712
719374
1220698
6698348
993193
171450
408736
1601833
1376705
390341
142903
1570303
1257029
1025475
6631755
1356587
497276
6774877
76640
1308549
323005
1322549
1555161
1055090
1485608
651117
6697320
1456866
1289475
1405479
1196358
1286705
281074
1406837
1584055
1198294
1595928
1227870
1541463
239159
633795
1102289
6652471
1582675
1555127
1595543
632758
6636981
6787381
833493
6730935
810277
565794
704179
314613
6681496
756696
219290
524132
575467
520784
327272
1382677
6723410
933754
945100
1184609
29378
6787822
1422247
514953
6771930
1249888
1007309
513352
640743
364477
618423
619984
1366745
6634189
651637
6684758
749289
1344721
761987
6729170
1258190
486983
1507587
916462
281661
1519229
1440470
1035106
6788197
1519860
537171
6692973
1069707
715780
236227
122405
6667512
719408
678453
1381318
6765875
1205390
6785096
871922
6770348
207005
1379981
888756
6790452
674481
1163141
1036402
537294
1205391
6683865
1155921
534507
1471369
6781360
6667204
6746453
1401541
1313517
1287994
488707
1388476
887409
1159917
1065617
494084
1029092
1370318
1388061
575044
6628485
1234386
6757347
6751232
1453513
398802
335825
602826
1009870
163791
1434228
6695189
1356810
1288034
1376335
1385982
258765
336468
1594806
941230
1017862
1009223
771434
1422507
71580
1123920
508343
620307
715789
6735656
6716255
1027120
1071326
504214
70933
793728
1533830
699239
6708819
6771750
615377
1264363
1192727
6635519
6632628
483776
6769089
1013413
104864
1333520
1195390
1210656
1152034
939686
408083
182032
1212480
6726887
6702370
1515861
6705440
633742
624866
6762560
1164471
1396727
333156
57436
6612111
6610403
1436262
1042478
1533358
331309
6626278
1593836
396254
1068231
1592906
810003
104119
6610228
6714264
1502182
1158068
6743577
1037767
709067
63408
6773226
6703915
6733978
379807
6649665
76646
1319564
514889
1089472
6721013
6711936
593706
6638273
1311057
1510223
1038559
1601483
1276951
1212576
990622
327601
1287141
6722839
1383468
1297571
543357
920630
1061258
6654800
6614173
1422695
768500
1121816
1536769
597270
6645107
1028461
1175794
1138892
832820
6725978
600354
585279
1050804
1592378
543566
576386
6790871
274010
6760565
1433408
1520313
375507
6613384
1171167
1155934
1532509
1314276
1269013
978861
1333166
1549500
97159
278831
1492391
949004
6609523
1544175
6742559
1009017
591426
6761290
1608650
637593
882355
1447498
832601
604488
1261492
1531276
604018
6726596
558136
1132848
508941
321551
1232117
1183895
131805
6766316
1263483
1038726
6682370
1444261
1468969
6648556
1340640
1386580
1387807
889796
1016608
391113
389595
6635510
1230273
281240
1274796
1197324
333154
89393
1187192
6621865
951575
755492
1582881
369529
875008
1543552
273992
1567915
1394387
1140538
6738089
262754
304993
6752625
329310
1383063
6613626
6760952
1482476
1547373
62504
806067
6614901
1126928
1496574
1446080
1392143
542087
289579
1272208
583735
523000
959877
124816
1541967
1584117
6711571
1594614
1549627
372545
1410904
32607
337313
6778451
6794615
1376754
6650250
1451034
834949
896582
505140
6622486
748035
723734
6622786
1402123
732109
1118113
731230
6717116
525191
6781270
591033
32582
740992
1424738
1385682
6772798
747840
1358792
6698845
547360
1292252
295660
1516065
1209833
6704069
6678478
561424
295663
6633399
6695531
1505707
639546
6689617
239658
1263035
229540
1011077
550086
876442
576970
812897
1347856
229539
926153
848685
6633327
139100
158568
6642937
6774106
6716968
1549015
558906
1489789
260957
6701229
1321266
6701166
6727107
333684
1607003
555678
1508864
827957
384432
1482184
1407547
6758447
6765549
858741
723807
1573046
994529
1375172
1107689
1306793
513367
6649067
870915
1253760
1092149
6760992
775311
285515
554590
6608879
1077051
1318108
491976
381987
1202411
1496098
262943
910312
1050842
848525
690714
1183242
1091935
1067400
1481374
515732
614330
6623540
1258767
1322151
303828
1287381
6786389
1167302
1217411
354428
926887
6726589
383143
6654441
692326
493325
1276900
400501
591848
1375645
753528
6612065
1460646
6731136
248140
986329
6630137
1199226
6730383
1394711
506602
1412937
1458766
393194
1490113
1142747
992404
1555581
1199082
521080
238716
507548
6668603
1375769
850064
379524
1042448
491940
390477
6688619
289669
507163
122163
843109
6699098
249309
1397523
707617
1230573
590347
62408
1494472
318372
258551
6779732
508355
1302704
1577813
620310
161969
6775877
929998
6682434
1418546
6785599
1301875
1312534
258235
512588
1393146
1194484
609845
523148
1377267
325371
799525
1483972
1415899
6705871
1522513
284175
1065518
63498
707206
6716404
1251167
1178175
692643
1168146
6609267
1125671
611737
1580595
571297
1260086
1184152
1064169
74977
276224
569342
380526
6720862
1384141
1462314
296032
989147
1019841
707458
6761869
1047187
1605189
554217
551792
11541
912181
930060
6758843
6710863
1176256
537847
6702148
147243
1052418
960300
6702734
40125
1454593
687921
6744307
1548393
831887
40124
918513
572438
295456
97706
404386
608001
677450
1151443
401697
226732
1088963
823964
800725
1395524
356450
151113
1429380
614086
1517135
549128
677375
394289
950527
591767
6669009
1501185
1240032
1197102
1201975
6631750
6792882
80587
941016
6766821
1364445
973659
967480
369487
1267177
1092520
852801
838606
566183
1307716
6643319
919915
1040521
692983
1422246
1592444
752582
1462236
495659
282407
6699160
292430
608224
6781107
360213
1402857
575250
6731560
568682
1541395
1444812
1186548
606723
846818
1579265
1132473
6787566
1217044
6755903
1482390
493622
799998
894484
1357648
6703743
1458256
95690
719627
1575262
1527851
849175
1040724
1422316
530157
6688058
626521
333867
1550131
1348532
619958
1606284
1406867
1305560
1086402
1407602
503522
6767768
1163279
1328841
6778495
396464
1199917
6759678
697527
6771998
526738
1191212
1079144
1280189
179724
1142230
1258687
6760189
1269976
1336924
1250534
1515139
6688474
1126437
1446948
6792973
1195750
1141102
294114
6654790
6758506
1530438
6754170
767765
1275455
662165
1441002
780932
1495967
548586
1040877
326159
590191
684534
552894
985037
1126843
679299
659432
1547075
914659
804041
1465705
628351
1391342
1265081
164544
1064137
841788
1261724
919864
1183698
6744241
1291175
1129795
546770
398323
1228120
898853
569250
1215415
1080235
1549659
104935
6708145
1377279
1080233
324071
620416
1600950
313607
688960
542744
910232
1425563
6657784
6732062
1125753
834490
1414239
633463
6787704
6759446
898834
1483134
1457669
6629102
761910
1189667
1197738
1428698
689403
1009318
356091
1086297
1013732
1261730
64605
878125
6781224
6709981
6644918
55337
6630872
6646067
1029161
1594540
636127
1301418
1464077
356087
6755879
620071
1187558
343637
357900
1196151
497328
106204
56683
1446152
1458824
857699
6762573
1190916
1373236
1376749
484727
6747836
189035
6657196
6632488
1398110
727970
642816
1011476
540908
1441557
871604
189036
6764848
6667574
1439717
189023
6741288
6628867
380332
971473
189022
6677868
6701619
340758
1597766
943434
725135
1376099
1437865
559154
1129992
1551537
1441010
677075
1379181
436329
1481343
1112668
1437140
590047
173017
6704897
6701536
870245
1190334
751000
1169754
1452257
1359979
6698160
1375656
857812
555764
1394791
6744149
1423260
1550829
813040
6650197
1094093
813040
6793345
512276
1396563
6706307
790655
1422169
484963
285392
855183
531522
572888
618162
1309394
959604
1152493
757694
1142631
6723788
947596
6702429
841524
6673592
1384647
644125
1195400
341610
1313360
1028527
747614
868913
1520103
669389
175995
1511594
1111623
245252
842919
6648313
1469633
1198331
1076952
1189788
1129599
1156297
1310374
1271644
215712
181903
766155
1116976
1582704
612931
898837
620211
6691678
79398
661718
6730600
339079
647066
492069
908455
492069
1229641
1106899
689672
339062
1573522
1037866
643742
220073
312624
1376449
6738695
1548578
329233
382223
1028182
580655
1152277
1168543
869960
77363
1171913
60292
6695190
1233299
354036
1284490
855845
6715099
1405265
1137547
184077
6735214
281697
619368
1411436
858082
6739547
890497
862718
778604
930585
1248219
1368526
1290109
1286611
985006
1485088
222921
1057303
1119776
1406245
526336
1024250
506471
1145058
664043
772526
526589
1548367
384421
518654
369612
1150945
1337634
1475510
118765
1424794
1259156
1164093
1156111
393384
1356675
1133490
1356675
218253
184083
6724570
1298272
6718945
6732228
238961
1188252
174861
1116170
273121
896374
674918
383821
1458626
1419942
1184802
600312
164599
1164105
6663732
1592889
858647
670878
993766
920513
609681
1078839
536996
1387847
337384
1505305
1150907
84518
1428981
820665
1247233
1098736
682706
536876
1396066
6728613
278475
1098738
1200750
788075
656575
6786109
1128004
1096682
1209505
1435374
951360
1144959
1184375
665979
1480560
615707
75345
1028494
1464712
285456
1225144
158826
1172271
595239
602576
323739
962745
735915
619995
994785
6770869
1039125
1001312
249391
295650
1185676
1027614
675656
1329707
138409
178700
1160078
1038115
746628
277886
490191
300253
219998
836295
654272
1160173
298261
595396
403082
965752
403082
965752
965981
185506
1257447
1098297
6629592
6683406
863955
6791257
110177
858147
1109938
6746837
883812
1129406
6734056
6699321
1318061
929786
1318061
1121574
1257731
1521814
6786632
1419594
1376994
839849
916268
1295185
304369
693647
1449738
1419963
1347814
889012
1249585
1309352
1230284
1448992
871883
628172
855263
73897
6711309
940633
219012
594447
661825
1045711
1070739
613576
863833
768822
519327
822901
6715299
996003
127772
1410933
6641794
882785
1219783
549267
1009876
1499251
591298
524601
1284437
1096390
177082
1461171
536311
1579352
109574
718673
1402039
6754460
1146178
766794
1570531
1578938
864172
6784187
257737
6666918
1227056
692087
1602513
1029540
1158180
6744976
1171740
103865
1087640
184291
1536019
1239525
651326
936559
1114070
1113959
753540
236978
77334
1449050
6725325
959709
6722208
6779803
1541998
6670990
237102
1011607
17134
1199921
730008
1364451
1578329
1388248
616465
1114284
1055181
1604442
965971
6733690
1517871
680956
1496496
547593
6781428
1310701
227159
1358327
6754697
884240
976150
1248666
517806
880444
6760434
126258
6668615
1058329
906765
919014
1365141
1520097
944805
1552927
1466524
1313398
1502765
89671
1466517
1125077
6634439
6691860
1358513
181764
1582417
6726250
1481672
1537458
1555139
6767389
1149534
859434
6740588
1445331
1406625
567351
494026
6786752
6746135
1414042
172521
1421736
953225
995058
1376943
1468344
6782880
1353308
6613462
1087192
6755934
1374913
1546040
952518
812494
1470156
253293
1105445
1190829
1260835
1306107
875286
830439
523968
1239894
329672
396211
1104251
1075039
1478977
388178
1435763
1084913
6692361
6771570
6771393
1239440
203910
1239888
951962
6659425
6783178
1232959
1437906
6692468
848649
1458372
868566
1480870
6610748
6790003
1239389
563220
1281531
554247
1237105
516892
6704574
392835
718763
119772
950718
212777
6681074
621582
6758587
502502
1448833
6629484
675765
6773258
764827
52830
1222519
1271210
1574599
1001657
1126105
6611538
1593317
691300
1237097
1579695
691306
6696778
834922
6752312
556533
1058339
616876
194406
1157217
6677799
771510
882605
55988
798321
55988
1007642
1529500
990911
1087808
1498798
1012085
1009755
1056553
958146
1152901
357592
1427695
1168952
749368
981589
524636
698865
1056873
947993
6712442
6717464
559646
1251484
1428254
6654921
1533508
774117
926050
6643739
1049267
6626406
6637058
620370
553985
1411029
6777105
1248647
883920
773411
6701065
1258255
367276
203968
1251446
1478332
929547
1547200
6747153
389610
659504
232112
991815
1253083
1380446
688411
1189900
1447507
1353046
777352
1227085
1526926
6608836
1575948
1299294
1605495
1376446
312106
6779718
1291861
938444
295617
1273690
1545630
619439
1297626
1112323
6735790
1008633
892266
536665
1606495
1212717
797325
1176001
1412576
1493931
6632155
6622994
837198
6626426
6715831
6613739
1453415
1225104
1198362
1119472
6677178
1208940
632634
1520422
6737107
6760584
540422
6629797
122497
1500445
1139411
6636586
6712614
1441326
651673
502555
1151851
486760
240831
6695738
1595580
6670980
694622
912343
6645462
1603222
1137518
6713682
1407111
6716036
870831
403604
1534034
6707732
6792848
1351048
6768759
6783509
616534
1484396
289168
6708804
1555525
1085081
1488720
1133997
888031
1145610
698954
892898
6673235
6769266
1601512
6652625
6717965
765283
480114
1278782
6770100
650361
677534
6726583
6751583
1128381
399600
1034536
1482202
264624
557566
1066695
664307
1508688
604485
980664
312303
674221
1080986
1553066
1546213
6617282
729900
6693167
6669868
530360
6766705
511734
1134818
905578
6763250
1463486
6691332
650982
262733
6746495
6677349
1405416
1112772
1487870
6713895
6639962
1038071
540585
6659456
1262860
1120395
536401
1523783
1594121
319823
6757179
6751070
1237733
6761148
1151768
253092
1247254
1292021
939646
1390262
58537
6659765
1385029
328969
6790628
1449442
6642531
1472993
58875
1348925
557940
1259730
6768637
51454
762509
312828
6724214
6680172
1133986
1366550
1395935
278575
1529353
278575
96293
6632388
1437768
1046257
327101
509296
6761715
62891
1217144
1295328
1603031
389283
6681167
83151
599574
183241
6632380
1472198
1430512
6774901
1457813
730919
1233241
6777986
1144032
1079006
1423737
1086934
840209
678624
1208978
1084276
1029094
6749970
772661
6793929
228216
6648302
751800
6668189
1527936
760527
1427571
351950
542680
1383660
6702903
773500
1093642
111783
640669
1251202
66292
1552225
367245
103599
401484
278570
580502
348638
459291
903094
1505493
516483
1501432
1388146
1523988
1572167
1027641
1391624
797007
93454
1523990
957154
1520280
1388130
515885
1337628
586674
609762
722318
68829
1469415
1433639
1523400
6788839
1493396
296976
1406478
1403582
1312660
1409848
1068784
611908
1250546
1390604
1215232
727457
1261083
6719477
6736072
607631
6779710
179131
983443
1261151
1551826
1521835
1552149
1190682
1261031
6611932
1286026
6707148
241048
1311061
221720
6743687
792329
888729
259996
1381360
1123417
1097683
6794397
883868
812662
6677771
405918
819141
729206
6718286
313151
1195487
1048020
486288
356527
1293059
1096082
6792089
403435
549163
1575285
1100962
6752102
6674974
1517896
1285197
398485
595266
529325
1181088
1455776
1274253
1308998
1605368
844370
1285600
1048735
6771620
1530155
6780695
539785
1181115
651590
1068101
1181501
1277040
566241
895063
1198771
6776943
1094448
1112586
1442118
6742590
1184128
1033672
6763618
1069317
1354802
1224106
6668879
1475604
1281441
829096
6779079
1549406
1433219
1376237
6766757
1186374
1446166
906878
600560
1552115
1551189
1507708
119887
1214280
1310229
1293180
1075536
916801
173393
930289
371279
1484894
1154551
6791938
1604100
303607
538675
6680672
6776709
1216349
6715754
1062492
896695
1264585
1579961
617988
6650887
826467
553530
853835
276509
1441666
1390931
1520643
1085152
1472653
508377
257604
1011196
1328145
257618
1325808
1131167
6741075
1244433
6685032
6787273
1490469
1454523
1299662
1024264
508897
275086
1501169
870642
177120
132256
1592844
1461175
508907
6770949
1427758
1264131
1427179
6764779
749943
839251
1031618
118227
6750367
883781
1099016
1216813
1047724
509009
676655
588557
6644149
1296555
6655757
1031297
646172
1167196
1324982
163124
1001778
1066798
106934
1319055
1070198
685808
1356456
6773171
499039
397830
907344
1465295
1003796
580616
6794910
1570034
724461
1545148
1577166
1263870
1226968
6784943
859205
221552
6644671
521173
6655779
6644243
622948
901769
516096
1144274
999499
1533483
1489798
1578667
557845
1522454
1577257
120671
1518520
984227
795223
6622839
6793787
325413
362644
254283
300563
6637675
229794
6638183
1171715
628878
797975
6680808
980632
1606989
770715
1493218
588450
259970
1415068
1541808
6638605
676020
6789087
1410264
102943
1479880
999990
687974
1379242
6762838
1323007
353455
1512464
1221576
1333498
1162897
1507533
962517
979174
6727249
149244
750889
6679574
6677777
1480523
6734562
1577508
6775959
6770643
6699979
6706382
1429376
952383
1135276
1521833
383439
1111225
1396636
6622615
6645899
6626125
1544292
1372268
612843
6771526
1395158
1598252
697896
402123
1409635
1502054
6614416
697908
1179450
1131949
507912
6738788
1443232
789326
377155
6723787
99115
1079638
1186922
120259
1004840
1422130
6765085
786774
1465906
584082
6701799
1465905
356277
543991
1245268
1437801
372404
6754725
1406533
6736180
1409346
841420
6652915
1350526
6622811
1431502
1262085
1405646
6732375
6655882
1231237
6787718
6771603
544326
1319469
652889
6757898
1225557
822293
593978
749450
871757
6745725
106131
839626
1313970
1320711
6641505
367180
1435540
6649527
1480193
6773283
586122
707472
1169086
758170
6666871
259479
502312
563239
1080880
6738358
1249405
280352
1065442
633189
581562
367988
1190749
406032
6742025
724713
215567
1282579
878757
6623383
1145727
1212600
437123
6656824
6751250
1026460
1607870
799565
1010236
661842
1028314
870340
6753822
762052
1222865
1043417
1374542
6768638
1281451
551368
368854
1314460
6648507
6657839
1485433
1274526
1033374
1362764
6776646
6670834
679272
620985
6708619
1548128
6790813
388239
1273352
279255
6778042
1448292
1037152
1237932
798841
1437575
1405303
564202
1141132
6701996
1594447
1040367
1037514
1015295
1604530
1547977
6703688
1322155
6739081
750660
794668
6773522
1222634
279253
6644817
1268141
609962
1050865
6782473
636781
1391150
1031421
557710
1231567
1344999
6757254
355999
1117961
1118273
536067
1141499
1499794
611011
6780901
1185820
6684878
114012
505685
1271351
1209802
1576657
6707647
1321944
322900
1200136
1037751
1356531
1154990
6659316
654734
6631512
817648
1348995
408131
6712643
52848
342870
1363900
1059098
372489
1454105
852660
1364829
1158630
1181134
1403583
1290731
193466
900277
1334633
1235798
6745778
777735
505423
1236541
1310192
727981
1237517
1310747
1041173
916136
6733096
767174
1596568
278146
6626662
1308006
810778
289161
6766894
396650
149226
1210248
1489768
751363
1397572
6694907
1553100
508933
822443
597141
6792206
1572930
1202678
1321414
6767141
6723551
6736740
390272
548891
1345323
889654
990837
651621
1390066
659019
723346
1118710
6785733
1293016
1110355
1477127
820935
1380536
6746629
6711003
538281
1379222
943836
406729
1334704
1513736
1476026
329229
1358783
1499074
1313541
6701653
1358800
797777
871870
507709
787833
1141659
6763209
6719128
874980
721673
1522217
1059262
536903
6749125
811332
1335121
6722887
810782
6773940
6735925
6781007
1010197
1291061
1128969
508965
671521
237798
6668661
6679844
1596015
6779760
896534
492763
1163533
1347320
339679
1461681
6614603
285475
65602
1011851
1446266
263829
1283464
398985
1061865
893768
1401588
1571178
1223947
1345455
1592494
1245227
1497065
1171399
6641788
6633319
1355732
6689313
6768426
519314
572644
397483
6728607
49736
575060
729569
1312498
6625491
1217805
903700
94970
768425
1524401
6643161
6712474
781809
714767
592457
376227
1322710
1247026
260302
1447576
801106
1597909
598672
1115847
1578998
882088
1136398
1075400
794512
1463085
1255256
16217
878954
849279
1484324
1322824
660094
1521832
1061658
553148
929743
1151708
6639938
1577426
576937
1433757
6754660
6640940
1347284
801495
6725681
867930
1345684
72379
6670875
1366876
404262
1432281
6623715
1191584
74357
90787
6720261
1464255
6699193
1197144
534467
276145
6758379
1031989
6759649
1559661
1291329
6614422
1501951
1407792
6753834
301871
1139470
1599640
1274123
6750197
1421245
1011002
13864
650566
1155391
105840
6672245
1199617
1380726
347253
1196463
6779589
6654437
6779640
1463823
109579
930460
6747180
6788210
698284
685135
183751
319415
946152
1076915
1015316
1486925
1015316
1486925
1554313
1358719
808946
1541681
1528015
1154514
1604737
1580043
878577
6720205
1548218
718586
1391066
493380
943332
6691089
918249
1155065
1579317
6688368
1605728
1364344
128562
1452239
507312
570005
527895
1390540
989114
485508
642059
128561
6699014
377721
908564
1156442
503988
102552
6711627
1489549
1155489
484621
388386
6639776
260879
753289
482793
903957
598953
1309617
1365332
840173
1168614
1116460
6683965
764598
6747631
1474704
6712699
1306065
408832
818109
1592736
570108
1486917
1250222
571522
381684
1445666
1498505
1572071
1516325
1059672
1572659
48429
858726
1121603
1444459
340621
959146
1223112
676573
811338
382062
6688494
69190
1412030
6718737
506325
1293886
993378
593273
864000
1501233
1024434
794817
1088846
6695536
1603834
1221000
335222
6728019
6755783
1357032
1490092
6730705
1377753
722485
620484
329428
618822
1505546
889075
1515149
6681646
611808
1101601
6743919
1423619
1489961
1165110
731784
6757192
407579
6764756
6623689
726446
850116
521020
1321108
957921
1153661
895880
6755595
1547918
1312883
1162657
6633097
987812
6707084
1390009
6735034
120003
6724142
1213764
1454180
399994
488582
1289095
301678
6737845
1186476
907747
1345753
1383000
6726403
323810
578194
1381625
1151646
1605949
6711066
1330154
6650251
6677996
6641671
170576
405071
382875
390884
643194
1449169
650999
701277
6728820
1121895
1423038
173362
1225406
307855
6683889
1376780
6776985
384120
1221494
485710
339025
663770
300865
944290
1547285
1223663
1482780
487352
403282
6752630
6656998
726982
6708061
845152
113327
939085
1157078
6776980
1193164
1469443
233298
762486
692523
1593444
1550741
6730628
6741664
6704943
6681872
6622778
1130106
337271
285508
398077
1166111
1228806
1129218
1248025
1063398
6612780
1393829
1063510
902160
1168976
94973
6720113
901601
6726782
903728
1170243
580747
1394036
1088611
894058
6762761
6727354
760394
6726769
695668
6744699
1283773
241588
1423535
377124
547033
201080
351356
1403147
103189
1378615
940391
819978
1445907
1023618
896231
818808
1543937
6653500
335955
1593504
1398019
1118263
456702
901498
1190912
1487223
727876
1477304
489602
1430215
1545974
1530807
6685221
638460
6784405
569978
1208838
1161918
262706
6745838
1514377
6622699
6764594
1421075
1158401
1291932
1552462
6788764
301854
1413163
1173206
339082
1386556
1183015
241440
6741967
521224
344051
322554
724323
6654699
749136
6787851
1386025
808260
1489033
492198
654792
1473673
1608737
1480642
735211
949942
620530
6665129
1208870
1044189
542395
1576133
659262
1575716
1472410
1409092
1182869
490150
1397840
1492923
1104536
522158
1302830
6635415
6691127
852716
1229353
1342401
1423257
1030181
1163585
902314
205929
944283
770074
546563
787828
6768292
965013
1440579
694529
526177
819537
1467235
222748
402250
1215047
1030335
751909
613968
810206
6765857
991747
1264144
6671166
1547422
1202300
595828
6676318
563173
897040
273725
1347002
213851
1472286
701215
876336
6670395
1009349
1260281
263987
1451220
6715526
1141665
6690661
1551025
905797
1448594
709507
6678280
83918
559313
6666480
1406267
6685192
1353363
650116
6714937
1516756
1420770
6647980
6703899
1274426
1004543
1039339
521347
1427362
998746
614925
353671
601765
1601721
1160739
375447
1275386
321025
793100
6780706
6632085
1084465
1285618
1309008
1440429
16189
6716415
6657765
1263707
6728893
64980
6641083
855568
534538
1549184
1514961
879436
613646
1070866
1039536
6736160
1053725
746013
6724838
1087937
348264
642919
217315
946745
6784672
233865
730469
155483
1100797
1390666
1442283
6784639
1526210
1259362
1578239
6767953
683094
1130692
1347581
291718
1109436
868109
6779453
1100793
1039814
1258266
1088831
1505757
1313344
298122
228966
879434
1274809
6747246
574956
1089509
1141829
803779
206497
6755861
1608066
1224023
1606174
6784370
118815
569440
845969
1011328
1456539
1112161
1230328
373086
6683081
6668375
768159
6749520
496494
6719659
1112773
353050
1315210
359862
295970
1062349
6641791
1202429
648654
1288247
483532
1556997
1113152
1478760
1113588
1483420
978678
6682390
1264053
1154897
1541588
6671089
620044
1123670
6706278
6699988
6704024
1515317
850612
598104
1010291
1521493
1570737
1413361
1497783
591724
1513669
1008839
687936
1026964
959864
1191151
407473
1601139
577973
790831
103094
873991
819995
1258483
6709404
1374596
1181519
6733980
151973
1579870
6649787
519198
850994
970933
6794254
6716280
1553232
1217769
1452021
6676173
1519194
6750534
300120
6669595
1424216
1161182
1048852
674025
1048845
380201
6694521
400851
1202386
6759589
673977
6640608
974517
493901
920254
749496
821070
394461
1215668
6751814
1302789
6763355
1458728
783799
1078262
1199242
384392
1369308
6609468
1398213
1548614
1328796
6777180
796820
930750
1284109
1228335
1465758
201165
1401018
1423866
662778
965576
912949
1446042
367744
1435809
1320953
1263721
1338041
1360736
6726897
1171833
704977
6676579
6609123
920702
6683887
112673
6687997
1063578
1187550
1362562
1494447
6715373
6627874
745246
286099
6714691
634087
1182865
6699316
1604206
839992
98673
1321014
881866
570899
336277
592844
389375
6746554
1119178
407968
468466
6666010
1520636
1183929
1555950
1202120
824439
6643403
890950
1189116
6722524
1118920
1608516
698861
1385758
6684283
504550
1239007
1262125
1071162
1091702
262062
1548086
754721
769384
822998
1091677
1248811
6740421
1089889
618917
988927
896475
400967
6674751
1442439
622348
69918
6614358
1289993
1420491
1452771
929091
393971
6734505
1349883
6626178
320545
1039672
338927
6656673
823165
6621639
6656577
1506740
6705667
1347847
1419553
320836
1467443
6611625
654889
1319183
1046637
1460234
1225052
207300
1504241
843245
1306846
1195882
864868
1196568
1275576
592055
1187406
920701
1155411
1486605
289118
761941
1470201
1220487
1262288
1320745
1200831
6777865
1498744
6642892
1427709
535329
6657123
6710438
1158500
522735
618424
169783
553014
6758556
915765
699561
1252415
1191368
907331
1356674
227275
849286
675399
342707
297112
501513
1286627
6788383
1033402
614927
1559849
601863
1552848
1040640
322604
570446
1321468
1602770
1473737
1185251
1403372
1158458
1473184
1291667
872406
767055
905060
1533969
1260725
6693380
687337
1409562
1382293
1391876
152385
980454
6721680
644144
6761032
1475194
1366889
1428466
553280
6709667
6728409
295179
1364832
530934
674910
79093
1187288
850328
1273315
959970
258578
360738
548529
691340
1466040
6761551
1436409
1516228
1545896
1407247
833503
407721
1320645
6756708
1071687
1532686
1375903
868864
760983
592830
1375660
600263
152085
1376368
1592719
1544963
641363
1432072
605380
1441906
280576
699162
242221
92578
486275
536650
1229800
884664
1365294
1464992
1305794
688948
1179993
508768
1518815
537255
6644326
1353919
630078
867602
1509421
1497627
1497489
1388520
6625288
1323031
1296080
1184187
1347172
6710378
6711739
569252
518785
297633
6749845
314168
1449862
1222439
6666386
1471916
1376799
6693021
142171
505933
1349275
1389734
1031146
1359296
870414
224861
6667798
844404
512995
1186029
6749367
627311
1312741
489781
343204
6744595
1172582
93373
6723367
1014179
269494
549855
793801
259243
558015
1549547
1293365
1547673
132616
6644388
152242
182659
298569
1225717
6680980
511280
841435
58621
1436278
1605211
1557828
699745
6757177
615165
664892
510954
869931
1012209
1076742
642843
1098252
992497
1531477
992537
392416
1363658
1378669
297258
991949
1524486
6757000
1140460
264217
1378944
620672
616634
1276105
1575401
994702
485116
1516575
1202449
1530186
1499833
6766878
1438247
6696821
6624099
69429
403532
67040
772336
774114
1275081
791079
1237077
1509165
484523
1496714
855711
1322478
1330852
1462446
1272823
6773175
6681556
1457856
283566
1446359
940866
31545
6697188
6771607
1101598
951112
140885
6702807
843164
1335401
464460
1390249
322197
1091371
1446250
711035
393987
851736
1289569
502635
1372217
891920
6664964
6746991
873054
822857
68866
946262
795837
1409177
6696779
491830
375718
1009012
360196
1433807
1400541
1441655
762763
1386680
864844
1478095
298708
1214663
1372503
1092809
347113
1598752
401837
1543905
1320582
1429420
1574929
851830
1377814
1352888
1357910
764759
1495331
1360299
372064
6710115
943486
1142341
1253784
572352
83383
6733063
6758576
6759686
104564
940610
1456625
792600
691268
397049
6707830
807034
908528
542674
528529
1078335
1543759
386426
569092
6784313
395497
1545989
1367576
1396523
496504
1521736
366981
1171797
6716912
789868
1516605
698055
6674319
1313075
1457874
766826
566471
1159067
1462901
1195232
373102
1438340
645570
1383088
889879
1514654
566834
857836
1580070
1437074
1399742
1077404
1579205
1473814
1068926
6677920
726410
1262749
360843
246157
375577
657980
1486821
1571540
320329
6733748
1308797
1110253
1291264
655817
1048808
105835
1389450
347564
1487601
531747
1381869
877149
314200
6632418
1409053
1445582
1445608
586435
1139855
1027407
6748941
6733700
6733298
110972
289646
6706780
47857
6705426
918414
1449225
1063380
686530
1231235
1042564
399636
1292101
6708886
397847
725662
1551496
6757543
487497
6762381
6772239
6730092
6647429
319238
1604207
1262767
1122602
1293774
1060260
6758663
1338538
1411757
368511
388933
359507
940927
6749440
6702840
1123176
677326
992489
1552847
1041168
1594228
962451
102840
1589292
1321815
1583236
350078
385759
566768
6636972
6742993
946773
859170
1411341
6630067
1439755
407999
603172
1111249
1201175
822389
666845
916990
1497554
686557
508275
1533519
6692846
1320658
384040
748929
1511892
647545
609038
1485973
894070
6702729
1569118
1318475
1119435
371124
965141
6655692
6762025
275029
528195
756402
1121529
1251247
392296
1216223
1401027
6747746
282816
597966
1509843
1046512
1527520
799183
1487571
402012
1443985
1092706
560321
1241188
316415
1469922
908724
661377
1443107
1511763
553253
1102932
676769
289252
168581
698829
1239701
6609609
1453698
365255
151153
629801
1525090
6742010
1595824
728622
63961
6622704
1219610
1474772
1542213
1288408
1331611
179570
961722
1181784
391520
1381643
176439
1290060
664154
1292542
1501117
1216567
773505
1334587
1186144
371950
757481
1525265
6688268
6791780
858683
662415
793479
970866
197521
832893
980608
193936
1158702
1569017
548941
141143
349122
153240
6626625
578162
702271
990900
514833
95865
581709
1457313
851602
616583
1569031
516377
539883
176933
1568550
6725877
6650273
1598595
197570
371143
1280735
6775496
736210
1510683
1389215
980499
1226047
103498
511649
176373
558125
6634949
668185
197417
6755941
158730
1319299
338831
6773497
334100
83035
696816
644427
549822
1361087
213568
1376421
247510
198513
294866
918607
741792
124664
6625619
1186796
616780
6717033
557501
1329633
1258079
6777731
27894
6766147
1229398
756821
525653
1260561
541640
6744124
58431
1570740
328318
1397621
1580668
1608476
6721027
62562
6730056
1478060
1029968
6658898
6751541
6628227
214591
1140411
647438
718238
744922
396859
527472
728128
504492
1201667
143050
83479
6734353
526419
1105151
1429833
919184
1183329
1035123
6678098
6640979
892398
1071712
6651118
151727
553733
1213879
836303
323647
84194
6760943
485617
589518
225325
1292814
303782
1391605
1409642
6721241
6647227
1000543
817973
1410929
929490
603567
872140
130780
1113700
1008599
617713
6760878
607487
1548515
484599
34073
1241830
360764
1259276
1208845
943881
1546019
1557227
1607644
1469486
1443168
250706
691733
233536
566551
1014907
1365459
6640152
855666
282660
1162650
1069187
818584
547689
60912
558699
318119
620051
530675
351983
588543
1090664
244838
930366
6767491
6705263
1260546
1094237
1488664
1329487
1434218
1496188
1187765
6766676
674304
6673873
821538
1486765
1033178
1514138
304171
1008082
6709016
525721
1006808
504480
1025502
1209732
700323
234448
929427
486348
6776289
364653
6778769
6647364
27945
740317
996219
6701335
403040
6738611
6701785
1443148
748374
1127870
944355
1385446
901047
361939
767427
406124
6648121
1106299
1401227
1007447
1035442
6632517
34400
1313965
572764
798523
1554847
34396
768070
1583794
1142157
925316
1606541
696842
1007450
1018724
1570286
1364942
6707098
569677
6742247
6708071
1260310
1431002
589339
6757519
1360593
1181205
31381
6783407
27627
1276888
396488
6703966
519195
753895
366461
1458253
1520969
243581
699571
1520524
340613
1365765
6698818
822480
6610747
771622
1392467
1360264
1430720
1527312
1387051
363203
1501815
75354
1117340
619143
1420184
1456059
6772495
1263668
619792
1108938
6667074
1079112
1345759
1086413
277178
1199819
1423886
773146
938906
391388
1068603
6733508
1487150
692518
6752935
1039045
6681823
336050
6694266
1027601
1472479
1391421
294742
1222734
1383589
1503803
1006907
6753366
1318991
1196802
6753982
608565
1494476
554495
1089027
1274161
6792436
6704580
1160277
980696
1160277
980696
238045
1185802
918236
1165185
592312
949564
1016663
1160651
1494607
1306259
1261539
1608553
1447898
1494478
149005
750651
621790
6765470
6780903
405836
716419
6667355
622880
1487105
397143
1452289
846679
6697098
1490984
927250
944425
489694
6730245
1388277
1391049
1481350
1079153
687555
1106826
1198630
1099534
1512682
696332
551009
867621
30511
730774
393784
170459
1383253
6773026
621922
1330729
6666904
1465133
748425
1599590
6656569
569631
1259677
92349
1448019
72348
1600192
790644
1529230
1395074
6744471
287970
1041774
1004171
6742327
1391076
91489
307827
554461
1448865
1297841
396593
6703782
1228913
1151506
1027715
523207
577392
1540053
973924
959502
823657
263994
1605802
1399398
1042481
368521
883378
720233
559676
1294921
6689236
826606
6775060
993961
1478841
1522848
1503749
1108437
1418147
373474
1038345
570643
1076817
107561
6711923
1494319
509686
710779
639644
669849
1570341
793784
1344896
509375
883014
354338
1138930
1007453
6726180
6731206
674660
6698263
863901
259680
1448133
1467923
1188033
250865
938170
1569324
1391408
523361
1303014
338538
1043919
939297
483491
400707
1063600
809362
6699541
1289347
6669135
1089989
554522
322493
987941
1541480
1313374
1164346
736342
567815
301755
949263
1496367
1337868
6636926
1483068
1189050
6640650
493576
920447
852331
396707
497113
1131976
280668
6750137
1069882
1127612
1508473
71868
1486049
1284592
399013
6614699
870477
6777854
934874
6645936
869676
6719475
275321
612059
1213103
1407801
769966
312298
1484624
1555947
248159
1214106
1061945
6794929
629507
654062
1426914
992104
508802
759716
6749578
493983
357835
1548453
486027
750068
1436678
945271
687637
6632950
311275
189003
6695638
6752528
1209901
321641
1516250
545310
6766391
1112057
6630977
531443
653247
391206
767729
6623892
6777550
1044161
402751
1407529
108879
569187
919386
259121
1473597
74248
1011057
1125634
1470600
238945
486968
927047
364913
6697180
1186844
6610741
1140268
757542
1263414
370288
50309
6626331
1350968
6641138
1475403
1412312
1248890
1282838
6614605
793229
1470722
204876
492674
537617
1359170
1484251
1544098
1600317
6753818
995770
6708356
6708651
1419612
596865
1419612
821475
1357900
1352879
1497416
6614885
642000
592566
1454263
6791588
1053747
1333376
1141525
1215946
1555605
872658
1258390
6757696
1453931
559856
6625128
1404881
1473826
1550951
677924
177534
390819
1358527
6740812
1497393
1028260
77121
6615518
1552143
6611213
1595920
1476046
6782746
6713450
772618
1287056
1522682
1011110
1062072
407096
6745588
406546
6674759
1432130
522294
1482114
930127
6701665
6610277
1443935
751788
1392777
1599895
1142978
675316
942347
6671210
937254
550749
1258846
1199448
504985
1090869
1346048
281440
1310203
533338
6679790
6613887
1043146
1473137
1358711
1375797
6730384
552729
803410
1258292
1113610
1174912
1572279
26724
335593
1166431
1554637
1174282
1439103
940042
1123001
1133247
1506238
6660256
940803
853996
1165514
1158358
1380073
1386459
791765
76796
686189
6753889
1287944
967649
1202633
501319
1185652
6755275
1051836
6654223
538232
1171676
1252017
557734
799634
1544945
81799
1551209
6742183
593725
6783765
1583066
1028946
534717
889045
526678
6698707
1573744
6689026
103591
6703426
1180087
26436
280820
1452625
614303
6651367
341320
1366409
1361038
6688833
288047
6712928
6645753
758216
6639391
803448
892963
1545455
560720
1210312
1408299
984370
6698196
6649324
92278
307486
811810
1550722
1441485
1026327
744425
1093450
6787608
916261
537454
6615711
312775
6723439
1421267
94920
6640766
744427
6699063
1120602
323259
1531084
383203
1425049
6761170
1549307
1528219
1273473
391840
834419
989547
154523
1484057
811816
1375329
768412
864894
1014622
1226278
6770912
623686
1273346
1519669
1022611
1224434
1531866
750653
600654
1384497
6767100
673903
1220226
902019
1249678
1481797
1263219
353626
1582146
6744962
1305831
867673
1501141
645518
295898
633323
6735935
1440758
1310615
1368372
381896
6667693
1525369
862910
851574
1093005
6669665
6716238
763933
941251
521717
6766396
686732
141968
1421062
710159
629138
6719532
1523826
1444602
492830
1214134
6612806
1546304
188878
1546282
408983
389893
994328
759414
1113958
1179128
642738
1212882
648587
833921
6644492
1363698
938599
494194
1508522
1290317
768440
1355995
1092766
1451532
6747814
6658174
1529284
283050
297024
297067
992960
1351167
6639997
1262798
253636
1025691
1089308
1222655
6631916
336371
695194
530596
490809
1468565
602755
1550180
1223168
1155047
403900
1581470
1122286
1226595
1186245
6680514
510988
1018122
688872
1462484
894717
278320
1550933
717766
1277370
1264676
1321066
1449256
1293771
1329842
6629835
1398141
6746390
1022895
780365
391860
1140611
293770
1213378
1396453
1498627
1550886
6696124
337646
1366038
601588
120763
1141924
960447
1499398
1346977
701784
1218193
1312423
1035421
6639428
970471
1112307
1228491
959968
1069604
6669878
564770
1354825
1424130
338333
1480455
1494887
601405
1544558
1529278
1363787
1272582
6638510
1441504
1374243
1209227
1441555
1239602
543722
6750850
1337313
1422459
1448137
1411893
958520
6751490
6647547
1518608
1006927
727419
1517860
1405782
558891
6671460
6674651
6720998
231392
1273383
1568599
1261184
1426547
1219049
1287499
1050174
1402977
1014572
6675287
1224118
6654297
1577454
1185073
6743093
1508625
1593655
1524680
6745472
1353218
1076191
616054
1288374
383106
1450688
1201567
1354909
362897
1378389
1453551
660438
6701504
1507394
1394629
1441015
6785317
1043885
378132
6766397
1319672
6708538
1439071
311789
666907
1319311
1393751
1485950
484397
1157878
6725020
1163910
1109970
358290
6721323
1376213
759180
1028225
373365
771242
6694204
6639361
6637436
6712785
870923
1227397
1352635
1078898
792445
1547674
1358977
1371145
1070786
1230767
6650206
582982
689045
485098
759331
264896
521045
1394708
1311151
1114013
1297952
1489120
1229791
505514
951393
1344944
1319546
1521242
1210525
1364261
1102817
820815
1142319
574817
6715517
6792607
1582088
1025003
497282
623151
1395506
6620280
57752
1496659
583333
178190
1493460
6666397
1385943
650570
1457252
872578
636576
392380
6775226
6654587
1354179
723604
588949
338971
6791524
1400027
1420978
708812
1376166
1209830
1497275
1387105
384844
6696194
6650280
6713902
617357
823605
1366041
829791
6687712
1510291
206970
541273
281602
284373
1545465
6612098
1447845
386393
206985
1022318
1011980
972361
1473393
611318
1357144
551485
1273474
394590
6734653
6742673
730799
122841
1501561
6685097
678321
1451250
313026
568945
1114279
1222044
1215463
644365
6612509
1230570
1076789
1017813
234118
6670075
1555016
1171098
1272256
501303
1396587
6749931
6706695
1013819
6692921
1592862
277910
1199030
285800
379817
1426928
333965
1132544
1358427
1213676
1437799
351467
950477
6660045
659257
1289131
1591939
1093602
1458845
6740845
1457822
1060233
1460066
6757317
1030670
1522666
1487179
613641
643384
338403
1080178
553918
1388519
641748
759964
61087
610705
60308
1593503
1457829
947665
26159
6625055
1027165
6700473
1422963
1354192
1402510
487255
903786
618816
563358
6726537
1228563
530338
1592655
6679200
632638
527164
810094
1224133
6690705
948734
1228360
1152295
1307913
1502241
1212423
6700738
907245
1409493
328928
574462
1429902
1238848
571928
1413331
297014
397668
1012385
6650701
356476
838739
1443757
493344
581860
629009
1441980
206477
626060
1356847
1374725
175829
558320
1036905
6650641
233783
1453108
6744405
356461
851336
720176
605620
1371779
1519831
1505203
6625993
85108
1424816
1040925
1571175
1462407
1185672
489686
1040117
728348
756808
537374
1413349
1044126
612479
1069706
1451777
6702541
1402526
1377587
731138
554072
761457
6677787
206999
940911
718029
1448364
1016415
6748887
330848
1161245
359520
882060
1319714
1261193
939696
386546
1452559
360747
6678389
856116
1288282
1472735
503502
1271867
1356635
6773142
331599
6790768
6648463
6723085
1413128
249399
1273923
813252
1075671
6670044
610899
6704493
610899
280804
994938
533189
1396055
1094614
1338794
1158186
1498770
1036071
360656
295735
394334
6715549
1378393
6763717
1169295
1380890
1112346
1157979
6714959
319899
360395
1477154
6659891
1050409
909546
6688464
1603133
6641364
281951
1382357
893402
262314
772148
1222567
6717848
1264069
719583
463884
1214731
727207
1047620
258729
1412257
1185408
279512
583831
6715556
772393
1227648
1426894
593665
1481512
642717
1039111
1569767
64269
283096
393734
805034
1604403
1282279
281004
1045487
1432396
1360174
607720
6760478
514533
6680173
6778937
1598591
282106
1573948
528448
323312
1594333
512145
513086
1528585
68861
528991
405952
1398989
1308509
6613223
1356246
1528575
405950
711245
1430307
867910
440885
6638082
6649683
1516881
1554704
1529050
1531670
572559
103725
1156995
6673079
1101334
597082
337036
717722
1168031
6771386
1287938
6621513
1306169
6667092
912736
6778501
1480555
6650668
1298293
6723861
