400830
260393
625369
72460
557898
6693367
490687
6717973
1387408
149177
642596
664991
598266
637524
623769
725760
6734613
1230792
6698145
1380387
1139549
504579
1312460
877967
223383
1473496
195815
1382646
960877
383597
29257
1126093
380710
1227858
1378609
1228201
986820
1465605
1457680
253407
988101
6770985
6736498
1553687
6626173
392752
980531
725174
277901
6732760
6628040
908267
219919
1269997
6644381
696980
1443822
688324
1443846
1244751
1422055
530164
870379
1216868
6781628
391213
820850
1424457
6718626
513631
365457
1231840
596528
169919
979982
1557480
1527162
623997
1545274
182206
1026339
370055
400030
532286
245381
824397
1273448
6699164
6705646
6615015
1507456
391550
352476
511806
226549
644173
911558
1450194
353009
39970
6690063
6729795
1443893
503106
628686
351313
6719304
278305
1436473
1410507
1358866
1464951
569245
349118
1216490
673585
1312091
940971
817656
1567888
1354626
359864
843643
1498408
1015685
1032744
1439540
6729520
229759
1472622
1461938
1365354
1400993
940756
1140837
1075556
795297
564950
537098
350869
1443761
536662
761915
1578614
6711728
918247
271287
1244979
118745
747747
27430
140379
276362
338078
23861
216640
86144
1605637
65868
6788402
1313587
1244221
1522239
1354894
1251413
620787
620787
1227918
1091912
1070644
1433382
1463760
731474
761674
1190808
354704
659861
370617
149305
6743587
330575
721040
1027564
1582619
337828
274543
547460
1025120
1295158
137846
1119837
906269
261585
678247
1390259
6705577
490387
361082
1331973
1458730
1606517
382981
645808
6620385
849021
1421896
1442634
61706
753324
636644
408721
767664
1379805
1273179
773796
286797
823599
540320
1355940
918468
1053684
1127280
394863
66074
399539
719764
397353
551356
6691103
1258438
906769
995164
810951
6731820
729706
691108
674186
91071
1533115
397701
1178780
959406
1319515
1407031
600024
622155
6793318
152127
694686
393526
405085
33741
393507
1582865
1354154
769079
396537
920932
1444121
96348
557272
96345
863758
848534
343879
1499451
404682
6709588
1216531
6709588
1348809
726660
992985
1215805
6736922
1038621
393505
1156967
6776285
6709663
6748339
1310336
1376155
514757
794800
319523
1518318
1305613
389265
6776360
238702
1568255
6614094
564196
279723
6739903
581367
1593372
1061385
6623413
1595390
1041580
1402436
548461
1170123
1451691
959827
868652
1020354
1237075
317390
212705
858856
620086
1168756
723201
950606
1603004
757986
400544
1425144
212605
406228
191188
1223187
762208
1223550
486396
689874
945832
6636517
506345
347554
1420697
384191
391720
728241
387651
1555671
389144
1509771
813817
6644127
564629
342660
628122
848440
719907
564345
483603
283041
390185
613333
286092
1106815
1317645
1335170
380941
1229746
1032792
1464883
59531
870131
6740412
810664
158918
14651
653983
612574
597468
1244709
6713949
93856
11276
1555008
6771824
84600
824135
285540
15240
93672
1462831
290085
571376
26483
569578
94186
714143
876423
561566
710537
850944
370754
1230117
762314
726386
558818
758546
14950
124831
399388
124340
1460153
1363720
583841
149389
372442
943426
894555
943460
789196
870952
754908
1472674
1428511
372445
1312569
1356922
548779
92818
1443530
1378806
1100876
489698
629693
746929
53656
898627
54935
39358
386024
1547520
714550
598216
506298
1309325
1525028
647378
948735
372376
39971
1154440
1603386
323732
250771
6717395
396024
633467
1034457
766528
169538
253915
633858
817964
602251
1332040
771121
336792
643254
658564
142507
236002
1037101
329771
39254
98840
960175
904397
492021
284845
149919
1446277
304447
303906
39211
1603378
185558
650507
176706
528742
929786
383294
863187
583262
946162
106560
370741
237562
784543
784543
285513
173022
35732
366195
1244758
1481160
369601
35735
119966
819923
14961
6732950
1422366
111973
1039854
1509551
1496130
1475088
277695
1239386
1530970
1489613
1464282
1595118
1061566
687537
60061
1552374
1555024
1500420
1411389
6652476
1141404
1531075
788773
1440459
497000
1405147
1016700
502956
1225116
11795
190738
375727
182234
6632122
960780
488234
93453
848644
564415
319950
1165353
1100914
854973
131698
308003
1068136
111805
965608
267892
151009
1106201
792448
1159440
1015574
970997
124785
1237393
271756
1407072
37191
1048195
1579785
6703115
51631
1163920
1424988
1450818
344677
1169444
559741
6624568
360471
255870
1389378
1509325
528847
533059
675293
869379
6705207
690961
1222809
90888
612741
600113
1447916
386027
697231
79184
640740
329999
1380683
1285692
513678
530137
396875
1189507
1244534
676908
1222122
323800
1214669
28185
855176
182477
636845
174274
1068395
979458
960620
6715960
373274
664973
349447
595179
34159
951452
748732
343042
819160
600879
511270
217901
382289
324930
1239738
1289426
750092
1425882
1068332
351359
1519979
1450338
1555739
655275
832528
940733
1523049
869108
958857
1425824
6660566
575544
1544197
1287470
949747
249152
959243
75392
379810
868591
618991
1063254
94751
1230871
1483420
238485
1151531
1446074
642085
1407400
946077
55211
1419909
795842
290582
278909
753152
883166
1347369
1170926
1530873
1583346
1456111
686837
1123910
197889
917288
630065
842306
823203
1464136
655369
851925
986839
1556825
571509
6710224
331523
322121
617210
6699115
526634
655101
694483
842687
992488
1521530
1475068
29227
1475017
61825
965829
1283156
697961
6743273
6742055
686738
6742735
1441081
882282
569515
76149
1188912
477185
1465497
54962
697059
274119
360746
175894
524316
176931
100845
1050637
107957
30690
55117
36772
323383
486834
402666
589623
1323262
181934
675574
613052
558604
233537
196980
813322
603986
1170358
1103209
394125
954008
36780
315046
57322
382153
6729603
75354
36732
966097
72973
930247
388761
323935
567577
570931
1198948
1534696
618390
342655
621543
598301
612345
1402511
1219903
728449
409057
351284
1068721
1238576
488760
856527
754614
596142
87542
325099
641668
615798
1438535
811815
1571254
400155
1440609
61033
37080
761587
39498
1309478
602254
6708310
926668
262407
637401
1237448
7544
660598
358348
74487
548080
179268
1008600
961027
644627
1452224
388378
1599662
1271177
1448389
1244729
1172048
574307
1399987
190670
1608250
1400318
