499198
276802
1158119
1045905
95392
763075
346824
726461
1045373
6740329
1110716
1130338
118559
393717
73829
1226106
336967
857215
174274
943328
6788284
602345
625300
27941
83742
34486
726377
28758
543301
950606
757008
367732
893545
1131366
1027763
1031241
770477
57322
6742934
262996
95504
567577
611956
392752
773435
988814
1386908
130773
373062
724113
387809
1388488
598264
1353134
959201
547121
1287801
172789
1583618
1171794
507305
400436
1377894
288522
1497248
1123468
114561
6791679
636177
1380347
83405
1483520
1483520
749193
1191084
1424601
1567888
1446722
1557056
6753581
857245
1505141
6737802
979748
6716390
625683
870379
889016
107777
389265
81674
1529585
95917
331854
185600
35861
6704274
1476954
723038
1432219
1405839
1436411
1273179
1015425
856874
1397867
254119
1025493
554298
1392806
1025228
1441554
263713
1251724
1229746
282057
857788
896121
6790562
6763913
1451691
1487835
382067
1438654
944027
1100414
1047560
1471588
769898
830759
1549280
1455181
399835
1034569
769543
645500
6625864
918245
691291
636644
1086578
519189
1583968
1498766
1163451
400928
1568202
6636022
638684
502693
569540
6689705
1412280
1135570
6629492
1523424
76567
1081419
1494467
791308
1430659
1333510
570725
484615
620787
887324
616277
598266
1126047
261519
852444
1556120
1485633
313072
1281867
811343
6746502
508515
1122285
1226551
1080979
1443613
368928
6734524
111782
564949
1303702
249311
1048004
583227
382046
321793
618466
6765765
6703115
100377
696274
608300
655397
315540
336122
1258331
820353
53416
1550378
1530262
480070
1405327
616253
1122516
858570
616673
790072
768836
758986
203975
277901
1380387
6689322
622370
147687
767450
53532
488467
1127717
6626173
501322
6761564
188972
829353
690961
6665158
829411
1546404
1399250
1430560
678964
617286
393505
637345
675293
6732636
1073126
489168
6782864
1223975
731371
96153
911558
1293223
758103
1426654
340964
350337
911698
350920
231540
537938
333133
792534
258534
504030
158166
870826
317266
277856
368585
530520
1395437
258344
692240
21496
6783008
398115
1436714
245318
6728133
356763
504821
372955
1275751
66074
1475068
1456704
1236497
1381513
1052452
6680376
275833
1423815
360746
103119
978624
356241
287181
634374
6740670
629697
945162
6724924
944185
38775
1568869
407304
965876
1164144
766992
28983
71415
1060974
1120726
1367432
1432960
1224025
398374
731474
1453292
1276986
650397
1479585
1337981
514879
753098
1488295
1546128
392894
76269
855176
1568545
1452159
1125953
1393367
989914
514757
396197
994969
1068395
1345086
227183
1224189
980583
1443745
311819
407888
725808
1113475
887424
768837
499733
795003
6729289
80467
1164523
1246222
1442728
73340
1331723
1506731
662997
261262
136321
261492
951269
768386
303351
404174
85036
1382646
1421721
1551705
276022
821006
918247
1436740
507193
979595
1442582
6744643
220749
558118
541016
6740710
1162288
1555578
798948
522420
1556807
1168667
1568738
926668
858287
393440
492807
1443764
6719304
690837
1548443
1395684
72496
6706166
94751
50958
484730
929786
1464649
237562
287031
370740
1474506
916664
650840
1025291
6725711
569977
633250
991499
1464282
950953
230021
322153
921030
1433546
1218864
686697
263047
979858
903194
641501
960223
63222
97644
371754
940893
1572031
1425383
35626
64873
945638
1162979
1425657
76324
1387876
71796
315046
491652
408580
178460
1014295
893239
210701
303855
1505806
483778
1509066
1434930
263282
949961
172531
6732701
578429
381871
966097
239360
272719
1262807
6721474
1568779
839407
1450157
6707975
6745119
121792
219031
1569286
537338
1387570
725174
1407184
551372
327130
1023869
1451368
1389518
1273448
6623200
1034944
560455
1111481
1230669
795297
6648054
877739
1507456
6698028
1014355
182452
397673
1408307
1169044
896864
767368
820591
700474
283022
185138
492069
56229
675516
1595390
6734613
491428
376158
895688
629290
1599662
6672350
1547291
693041
285849
6743038
65868
1425574
495735
612066
1225614
128217
286205
6708751
940021
1556117
1001588
72177
810951
1533115
754425
980740
6743675
329354
285513
313637
1481160
663980
369601
261123
1556061
1047289
1294490
301747
1363877
1187060
25020
393508
6653462
799691
1546736
802122
1229864
748975
157844
1600296
621977
1246108
1246196
1118008
322121
1497249
193998
6720138
233847
65967
64884
992488
351267
992799
1012282
888225
961368
800071
323045
258588
1533994
759167
360335
951254
1126785
1152008
87546
876893
1037897
1555259
336994
1463155
905483
382760
693829
623769
608440
570200
328035
1061857
950035
1433045
882018
565591
290861
607448
241454
120558
1028792
637814
887769
1101954
161426
1493446
589583
843662
272182
611278
342545
6646549
245326
403804
1402291
1568648
6719474
233703
753152
558017
902729
1569235
868652
979458
1026363
1433005
226299
506813
32062
1294070
1168741
1452735
1164134
960820
688324
264675
190670
294684
34159
349447
1274510
1331719
92335
1238249
1038063
279840
614800
1382978
35732
314732
793286
674186
619002
1114058
53661
633858
530305
1509032
1312795
145564
199898
24978
602251
694806
1312966
1403864
64554
507930
6683424
372806
871039
1026800
756582
1531822
149922
1179819
1346401
1423724
1247215
812709
645153
674358
755941
250771
750466
338218
1045316
647898
330453
488619
616524
656562
994786
1227640
403102
185500
253216
868096
332929
878099
25539
1305817
25022
1483176
809781
287780
1356661
59929
185511
340253
489698
751281
1443751
39358
1423917
677974
960175
650507
521306
925737
6765565
1582467
1446049
1430262
403082
186519
1519715
856626
118630
6698566
39348
959817
333825
1532348
344770
762722
673982
568790
68582
1244987
364820
500036
1548550
288617
6733204
1215194
1139176
62456
399621
1216531
490631
152377
1375690
1284500
938589
794800
280280
55601
388057
856157
1201374
1550687
500648
1122814
6690220
996027
856728
993665
1309307
6698061
694788
6690108
1440631
835756
43951
1122173
1485032
1037691
699912
1331035
1442112
1335703
309583
1075556
1127225
1094190
58077
1392856
98135
1184278
1432534
284369
1306802
1598262
1159090
692953
516498
1031692
181946
6748810
1430436
1391182
762293
1236516
546802
73217
1008
395354
994842
991354
597641
949332
55402
944055
279807
371252
1354626
1404653
6674582
381866
34398
1443822
484577
644348
394481
399101
1308847
502879
238820
