499198
276802
1158119
1045905
95392
763075
346824
726461
6740329
393717
336967
857215
174274
943328
6788284
602345
625300
27941
83742
726377
950606
757008
893545
1027763
1031241
770477
57322
262996
392752
773435
988814
1386908
724113
387809
1388488
1353134
959201
172789
1171794
400436
1377894
288522
1497248
1123468
1380347
83405
1483520
1424601
1567888
6753581
857245
6737802
979748
6716390
625683
870379
889016
107777
389265
1529585
185600
35861
1476954
723038
1432219
1405839
1436411
1015425
254119
1025493
263713
857788
6790562
6763913
1487835
1438654
1100414
1047560
1471588
769898
830759
1549280
399835
1034569
918245
691291
1498766
1163451
638684
6689705
1412280
1135570
6629492
1523424
1081419
1494467
791308
1430659
1333510
570725
484615
616277
598266
1126047
261519
852444
1556120
313072
1281867
6746502
508515
1122285
1226551
6734524
111782
564949
1303702
1048004
382046
321793
618466
6765765
100377
696274
1258331
820353
53416
1550378
1530262
480070
1405327
1122516
790072
203975
277901
1380387
6689322
622370
147687
53532
488467
1127717
501322
829353
690961
829411
1546404
1399250
617286
675293
6782864
1223975
731371
96153
911558
1293223
758103
911698
350920
537938
333133
792534
258534
504030
317266
277856
530520
1395437
21496
6783008
6728133
356763
372955
66074
1475068
1456704
1236497
1381513
1052452
6680376
275833
1423815
360746
103119
978624
356241
6740670
945162
1568869
965876
28983
71415
1060974
1120726
731474
1453292
1276986
650397
1479585
753098
1488295
392894
76269
855176
1568545
1452159
1125953
994969
1345086
1224189
980583
1443745
311819
725808
499733
795003
1246222
73340
662997
136321
261492
303351
85036
1382646
1421721
1551705
276022
821006
1436740
507193
6744643
220749
541016
1555578
798948
522420
1556807
1568738
926668
492807
1443764
6719304
690837
72496
94751
50958
484730
1464649
237562
287031
1474506
1025291
6725711
569977
633250
991499
1464282
230021
322153
921030
903194
960223
63222
97644
371754
1572031
1425383
945638
1425657
76324
1387876
71796
315046
491652
178460
1014295
893239
210701
303855
1505806
1434930
263282
6732701
578429
381871
966097
239360
272719
6721474
839407
6707975
6745119
121792
219031
1569286
537338
1387570
1407184
551372
327130
1273448
1034944
560455
1230669
795297
6648054
877739
6698028
1014355
397673
1408307
896864
820591
700474
283022
185138
56229
675516
6734613
491428
376158
895688
629290
6672350
693041
285849
6743038
65868
1425574
612066
128217
286205
940021
1001588
1533115
980740
6743675
285513
313637
663980
261123
1556061
1047289
1294490
1187060
25020
393508
6653462
799691
1546736
802122
748975
157844
1600296
621977
1246108
1118008
193998
233847
64884
961368
800071
323045
258588
759167
360335
951254
1126785
1152008
87546
876893
1555259
336994
905483
382760
608440
570200
328035
1061857
882018
565591
290861
607448
241454
120558
1028792
887769
1101954
161426
1493446
843662
272182
6646549
403804
1402291
6719474
753152
902729
1569235
1026363
1433005
226299
506813
32062
1294070
1168741
1164134
264675
190670
34159
92335
1238249
1038063
279840
35732
314732
793286
674186
619002
1114058
53661
633858
530305
145564
24978
602251
694806
1312966
64554
507930
6683424
871039
1026800
149922
1179819
1423724
1247215
812709
645153
755941
250771
1045316
330453
488619
616524
656562
1227640
403102
185500
868096
332929
878099
25539
1305817
25022
1483176
1356661
59929
185511
340253
489698
39358
1423917
960175
650507
521306
925737
1430262
186519
1519715
856626
118630
6698566
959817
333825
1532348
762722
673982
568790
68582
1244987
364820
500036
288617
6733204
62456
1216531
490631
152377
1284500
938589
794800
280280
55601
388057
1201374
1550687
500648
6690220
996027
856728
6698061
694788
1440631
835756
43951
1122173
1037691
699912
1331035
1335703
1392856
1184278
1432534
284369
1159090
692953
181946
6748810
762293
546802
1008
949332
55402
279807
371252
1404653
1443822
484577
399101
1308847
