304568
9579
190372
339261
32349
247736
205714
350169
958686
1033383
482508
335123
958595
1322649
958684
99588
520734
1461242
1527998
133726
32439
904126
362351
32536
1042271
6758835
1467899
371301
522215
6692854
345432
194051
6716443
145614
205551
1577375
6629904
1417388
6712699
6666349
801727
315402
679830
557035
1182872
592907
536907
946088
84889
946088
84889
48464
1179560
1263509
6701838
777660
1285262
950012
387951
726178
1156731
1263140
81910
6681646
610507
279712
6767147
1258880
154266
500695
1103184
1596894
1295906
1263056
538306
822843
872626
941388
6665174
1350073
6747080
233655
362756
32377
6658441
77658
1026987
857310
669743
1060441
313792
6712208
6679054
916449
406377
1487570
259886
1028585
490871
841938
1094847
863472
1520735
278772
141686
669281
1140046
870848
322126
1468646
1029187
6721213
1042779
390497
73762
1163313
201977
6778769
6637456
636205
610904
609059
1186377
209891
988618
6651164
1521316
1276105
1259853
1599219
520728
1246338
271090
1153902
871802
294303
390409
1473878
1276404
1473845
1070310
6622783
6647827
27951
1096845
1519897
554115
616318
1472932
1130981
1274740
6727042
400105
569334
320816
1008241
624528
1490254
1126826
856033
216179
317433
141789
1344948
740414
6739729
621058
1051294
6646019
1359632
546034
992577
65385
1443148
650104
590560
1389364
69894
6764806
56914
1186200
194153
390262
1393820
6733576
1006679
1102159
34719
1345202
6695590
6734937
1597475
1101143
1098900
1509784
1286173
530875
904614
308176
926595
1006810
1077281
926529
197672
149226
700057
6646219
60718
870591
759884
534531
521224
937799
940646
1007186
6677991
554490
245518
59470
1132184
6671127
919923
385714
116410
1455275
554494
370394
6775060
1411110
519676
1407417
6694239
373552
1007641
539721
1544729
1030232
1201278
1117648
1461411
532861
966968
6712026
6675748
1215257
663049
792421
6679833
1406363
1244251
6760078
269322
632525
6688925
489672
1599590
6754711
1224464
1221106
354479
943252
6762032
1218300
6772015
6630906
369238
554461
596558
1495153
658273
971244
6732629
1287779
926604
619792
820241
6783351
834225
6755284
194145
547579
6681823
1224900
724323
6613870
522333
1412589
554472
1540053
1525265
1089172
719009
1424328
1366146
486393
753895
1296802
1349883
1048677
1243945
306291
994889
1426467
598834
1447022
1387051
6634752
1106105
6786004
1549293
6643066
1190420
6700132
588386
1469363
6626018
197521
1596201
724374
213788
95865
281955
662349
6650372
1422111
6629970
571143
1030028
1332367
1162356
868863
169719
1313083
881206
30511
1101860
1257373
961502
492020
489950
6648166
876771
846679
6627539
311283
566768
1357563
1307813
6709468
725533
1189127
1076071
1510782
6779017
204042
1465812
1110906
1172469
1093376
6637845
1431002
317140
1263986
204041
966329
1398672
311286
673596
722382
621945
1086493
27627
636197
612716
530686
344714
243565
351792
1364914
517046
1409642
1180581
6621979
1153799
1398449
1017974
1500124
892894
6762833
1445258
392784
531728
628546
1272091
1156556
841539
311357
1485618
917486
629577
1123296
863627
6737855
6780002
6763381
806024
6719099
1044329
869152
1362490
1091319
6774255
1391801
6667381
1572965
327589
437205
538901
1345751
846700
1101582
618011
6638356
1516217
767316
1352824
329587
6642213
87693
1435440
887799
1502178
6611538
386056
546029
700323
485567
6625633
1493276
388539
1570247
980458
771058
889006
823497
1580793
6647601
770191
1523983
828750
352554
1140762
1208921
1284004
1426541
1012085
798321
6757866
1220621
6728930
6659302
588543
612303
219713
794056
519659
1184964
772867
722200
1402612
1248331
499646
1561775
6758278
6667226
527225
307056
1488662
809476
1600638
314623
6643890
848357
1123223
1259283
6642666
391113
6757270
6634576
555243
1475393
381347
233611
1569017
322758
1569031
1155921
1215166
1321637
1308053
1160270
950124
1360410
1236795
6671890
486200
488707
1398021
980499
128336
30700
691736
508490
381583
748658
1501866
941883
836992
1196568
1381829
663774
769384
1234386
347113
1183270
892398
6766647
1292814
508734
1069202
546586
6690789
625606
1487319
6624373
1047205
1487331
1430821
338831
1582704
6667403
863609
617713
1377893
619967
540840
6715984
678619
1333961
331524
309699
959437
968643
987267
1363722
582583
644729
1607644
6659168
6638769
6747921
576884
1470114
1235854
600269
6649417
6679896
725967
1094895
647932
322604
6620316
395969
1603082
1556489
6750519
1583401
365728
563356
6706163
1469512
6731883
1094114
1534377
323763
6609828
1288398
518775
661228
1495438
6790826
1444202
6742863
1365775
627305
1469961
675693
493937
973793
225651
1152458
577973
1226965
1390013
919241
1101416
6676041
1348867
620216
1047881
1209501
6639159
1334541
569874
841389
6725826
6714729
357142
621584
1496305
6713268
6629615
1111629
766060
6667652
6772865
506934
1310744
6689517
6743919
1046674
6763280
6779357
188897
1003247
1539725
945644
1479436
1320274
1185935
1259172
6692462
991704
1607553
570537
403934
1393054
1271518
810268
274674
379807
641832
1523166
1474310
1421056
797149
696585
360141
1275142
1141523
723998
1396353
1245584
1118560
1227618
403924
1023370
1405381
1094849
72303
6762569
396650
6670677
1331275
808046
1068353
1122105
387748
295146
1605731
1379243
610508
840019
1074646
839983
333007
6634189
1364903
170281
524324
1230055
1220089
311629
1514322
1053645
274244
1530420
6656767
914066
6785383
1384873
1093300
1036373
6623970
1575583
6695845
1092520
1521324
1366168
229648
6759182
1519003
6703741
6749909
200030
994673
363194
1364902
1440991
557357
1189090
851500
1484813
862674
6639582
1093612
1223171
1284141
1357654
1407453
1450431
1270235
1383522
1123928
850271
323478
39867
493992
1495668
6615342
1310354
6769897
1349084
74787
1220452
283741
788575
6693739
6629744
6779658
1129379
6676240
1490408
1488473
229483
393584
1102700
6742368
790147
6629271
1347783
1513341
6748343
6786643
1093199
253485
1090193
6665788
634892
6759125
1060037
1355867
1121441
1225076
6734701
6777990
1474030
870120
1053657
1594512
1068274
1548591
485750
1518139
1508901
677780
389663
863027
1485530
6717797
1047108
776762
6704295
1509668
914036
365466
1306878
76258
6777122
347640
393573
991178
393573
991178
1202598
1591806
1525221
1374321
1591808
1282154
1520919
406135
895230
1101457
1221989
544015
245952
1130851
1282137
1414387
1089231
6643461
792759
1346659
1550959
1435651
920369
1215583
618424
1201694
641042
1396506
6714978
6682460
6713179
1535132
228515
6692757
6783477
6635821
824307
391058
1483913
6788292
6717929
664033
333107
1402120
1091677
1451806
664260
852887
732581
1407778
619386
608705
623895
6708884
1487566
573106
381949
882056
364000
1273265
587715
6672248
1202544
6780974
1008895
1202120
1383818
730605
6690273
1132043
666438
1047915
6765621
1453790
297076
245749
491328
1067989
6762152
1035509
904252
1130980
1154809
76778
653944
875399
667237
1372738
6741458
1285446
869279
6610376
1220121
408917
1215295
6748183
1426280
987340
6682445
1365509
6765216
1464751
1122723
621533
6788328
813135
6684261
6666660
1474446
6739706
919055
532891
599616
807726
1291502
1030386
1251133
6692734
386380
730223
1386501
985359
6786720
959515
1197385
1062172
514783
863397
6634193
992415
282280
213514
6652533
389492
564443
1383533
362847
6695110
485832
597445
822258
275416
6734623
1364599
6754270
1421525
1078407
870247
553924
275302
1359580
1102468
6655628
1345997
1063514
1525153
1359486
237598
850034
6652436
1359479
6629252
511109
548159
1409662
909604
384717
1392305
851682
6773930
851428
1425501
1482103
1592763
6754734
1421077
1516000
617968
6625055
1570679
282276
511905
1411297
1457040
1250305
1452709
264108
437201
6759796
1229720
675335
1348617
1383158
1182386
1384732
1471882
365655
1256869
716131
613695
391929
1603949
674986
1061730
646807
675075
1471549
6745544
615722
1221175
675978
1258934
1276550
1401148
1139208
6622723
675073
850740
504575
1514900
745361
1287334
634194
1579162
866245
562645
1487046
507347
6743501
1605857
596148
1451219
1331966
188879
968300
1509986
695857
1239924
830803
1389139
1478494
367176
864631
6757308
384421
635583
6642134
1337335
1569868
1416404
1285470
499917
1161091
1506748
6767769
6708777
1330632
456359
6757006
484888
59272
367357
348001
536731
1380939
763175
1421806
6766876
6748469
1264449
1170650
1607578
1567865
19502
715820
56119
928413
1215769
1600623
759147
383487
6695556
1360961
767296
349523
6762257
1556717
1188088
1545194
1275013
6748159
349698
1170135
753647
121509
241210
578724
145901
569265
1068349
557488
6727318
1543251
760808
6636064
1543645
533000
6750592
1484197
1321268
1284613
965559
1354589
1046192
1312348
6727724
589926
820944
1464823
1093476
550749
1042320
6708881
1220541
1494976
1479761
238301
321585
889842
6749310
405243
6689569
330600
330833
1596925
520898
1047676
730383
1286442
6716644
1545080
918513
338014
388486
616096
1597496
1263359
1552527
938484
397204
6737345
866446
1378405
286835
320016
6681576
1217144
1238630
1489015
83265
6669009
1430512
1310617
1112987
804017
185927
1046263
6748059
1595609
1140979
6648801
1471694
537847
390138
1353127
1278585
760315
1548393
853050
1578496
383419
1469566
1222967
1440597
1061934
1374450
226732
1437640
1501790
501463
1429508
549128
1532144
1201975
1386729
1153229
241265
401697
1452470
333861
1197102
516604
1352989
841995
1465123
564158
1411813
6685058
6708822
394289
311522
920248
1597843
1383457
1282430
1037884
1409344
1239094
1448338
6766821
394189
1517002
1414564
589701
1259456
1421157
893759
1510255
1282142
797500
71476
6612543
6735051
229643
1240081
1333210
6742455
6770709
1490384
1187755
538024
867559
6723279
1606039
1060954
624001
6703844
514780
6659583
497158
1319545
1045126
1171070
6740943
841309
1293547
1286030
1595043
1581570
858671
1184912
279441
6741144
1507560
1467867
101481
1322651
944467
1289943
6766798
1345898
1437455
1403158
1236359
1352881
1099506
763982
585066
1062444
287610
6647452
1559197
1107631
6623203
252833
6637241
1228271
394334
365039
1228542
971101
6620711
1131515
6684671
1292164
1403470
6633817
1199478
399010
6654580
634262
1421023
1401212
1141829
1422119
1528031
1315210
988276
1274306
152242
1293076
803779
841395
289485
732131
6690984
6716667
6626874
1517341
1231417
872100
1360402
510335
6786733
6682390
714439
1039536
1421799
6642363
404830
1068842
1197485
1477069
6615178
577580
919406
1525096
6646969
602518
503445
1399488
1126004
1130692
6646959
6744024
1372688
1229234
1287056
529720
1039814
1310174
1389776
309508
1245222
1381755
1406845
1601992
919386
1508492
564179
1100269
1472741
608762
515130
823165
1555801
1179749
1455815
583468
718541
6782919
641964
6790392
659642
6772077
1205304
647256
54713
1516577
1185695
392884
916334
715745
404244
6678602
1098734
1152482
6679723
591762
1062511
971215
6741370
843245
6629598
991678
6697599
1310660
1224087
1100606
6671757
1382128
1154760
6635041
1375202
938710
1469390
796616
665736
643212
1468142
1446762
6692108
540782
1381684
6695294
1403703
657995
244922
368483
1489735
493919
1237121
1526208
790412
1271013
280167
1090026
6735980
6774937
1596867
6789321
349311
6774962
1375188
397801
834038
245368
1497582
6775590
6755825
1102213
591586
6628925
6676944
1421724
496101
1285158
1029826
6625923
660713
1029142
6706327
6677839
391988
1276895
1526380
6751173
60259
1110898
858161
1426693
1232279
1525339
376454
1141650
620437
6698467
70118
858980
532946
1049700
1007980
289638
571045
1131450
6612535
536198
1200913
6717780
920380
761910
1550743
1140429
610766
1008808
728235
564193
1573072
1359936
295924
718763
528093
761751
6629408
6672792
1473692
1475239
1329581
6720911
1598393
6609015
1320150
1409418
279915
1127458
546845
1247468
1111980
1381532
1575551
1592443
1072444
6786932
907895
1604080
650940
1235378
1449183
1582417
1157628
6648757
397683
486234
402979
637701
1139734
491084
772701
6688195
1213540
572392
1377406
6729854
1381326
621371
583685
6632261
1550470
660083
289193
308069
1449063
1555139
502682
6725586
6694594
6763559
1197577
6612742
1025971
1162039
867291
864737
6677787
6763289
6624066
6761171
500915
1161481
1403790
1493925
6773961
365997
633912
1078083
1125839
1137029
346006
1359251
1392080
6731592
1434597
6659271
157575
6641601
6638188
1013800
1210203
329545
613063
1391835
366815
1384330
1410886
540291
6704493
381211
1171979
137840
6648701
991416
1218404
611192
249417
1163646
961366
6723085
1401755
943583
1322379
1555624
819714
1442726
1350526
1010579
961379
795114
1480240
1551826
1190008
6633090
1332924
547670
1414152
1230767
871757
1161245
1106698
527878
1377383
1405034
690435
6792390
6675541
635944
1522266
6753455
799459
508547
1460430
1291334
960470
617031
6786302
1455667
1520722
1041668
1093781
6753640
6769617
1552123
1592604
1091114
6731139
6643230
1606285
6653959
1449574
1088925
1224782
988902
6730643
1383876
1335517
333510
1528162
1338578
6639252
1158056
1310840
1367393
1460691
6684531
662805
1309936
1464643
1502124
1075333
1045112
1400191
945799
6673411
1501226
508441
1283058
1454384
1523952
1199984
1034661
6689809
1359233
1034707
720889
842721
1284491
1392332
653936
1386306
581147
1221110
901495
6676327
6705843
531396
1594646
1441008
552598
6628944
939094
6683073
1509594
6741990
1483863
6777929
6703576
529656
6683254
1517062
1467805
6748678
1249783
1460769
6764697
870974
876852
6668087
6741944
1307971
771112
6677412
1273025
1546638
6723291
487214
840539
829791
1179756
1214333
944141
1409938
830196
1242107
540132
1406032
542661
1101189
1184266
6743358
498714
905800
1365024
332305
543860
1442604
1082601
1396237
523401
1254114
297113
709703
6697815
509034
1486299
1128398
1046255
993429
767405
852139
856708
1210619
547728
1294594
6734496
1016643
558746
1056053
965117
748112
1155149
1289496
1473790
857057
767760
1189381
786108
988319
856051
1344335
789538
1295641
6772941
610166
1294529
1188614
615487
1070572
896698
1270196
6745916
6673092
905973
1575975
1577965
755383
770007
690663
262706
1259690
6651472
406550
261952
1061241
6743560
1074552
6774457
1331656
1394927
6791768
236022
1105417
810411
6753877
616308
1078450
1226444
1452959
1411324
6777054
1480265
731266
1486824
6679968
278790
6676403
6769436
1152864
764742
959127
374270
1234449
714538
6633229
1576836
6733224
1319243
1395272
1404835
1142850
1282835
1274273
6713486
1524181
1312654
617264
188885
531549
1187323
1041204
1406547
1100454
144273
843350
676542
1274240
1432721
901006
6655498
6709018
1274188
717117
1409960
6689369
650455
509012
1281795
6613914
1093606
6762982
6689417
1037514
6770530
1605854
6747470
1359104
359856
514452
636139
1215618
6655945
1014612
1347996
385284
1118369
599989
1431865
1385564
579295
1217583
1220191
691278
6612574
1515579
794530
1231673
1322946
1604737
612681
1084838
902894
953588
790441
1242458
316754
677039
560051
648505
1556741
1162803
570005
1275143
1321963
303029
225810
1102900
6653411
902898
1158554
6675440
6770551
6632969
1078611
1042340
841787
1165195
517485
1291374
841708
1337326
6745299
1608338
6724747
839774
1035274
810996
404933
1422873
1318054
557572
1228747
490388
1457996
528871
1549650
1309241
1291061
1015615
6788872
6764185
261738
6752831
1486931
366557
1226018
527908
1493033
6789264
1092645
854915
1227746
574593
253658
1163474
600672
1045851
1390559
578552
1295424
994971
1571332
687818
6701632
1037751
1210412
94675
1041203
6737831
6633331
1397510
1075639
1595563
511574
1484539
1264874
680193
1068674
489914
281501
1406662
765402
857413
68768
752957
679414
6701140
714257
1548177
1158255
1273592
1258183
1293374
1461475
1015295
6627087
591039
1090399
1429546
6631998
1112716
1348726
366689
1555070
1263987
1420733
1050865
904649
526404
1552247
1554791
534075
667745
6681105
1579645
1229734
284779
765645
877202
6715343
1320824
6791953
1209802
1307488
1447216
286650
1171658
493812
1154113
305510
350303
21076
134140
6635495
1227655
840395
1033198
1453270
833820
1439133
568689
397526
1440498
227225
1341905
1406259
1482046
540309
1401476
222112
1608532
1027996
1128352
92609
227221
608054
657824
1043925
289192
20932
6690991
1223627
100227
1593217
280418
1598580
1597326
6612261
1271043
1219607
1099753
658858
1250184
1138858
1608672
6679681
1608581
586122
800765
1464219
6788259
839611
1199816
1230736
1050208
1578985
821834
1528358
367697
831974
628193
1044941
6673990
992758
1237793
1143094
1598717
1070814
6655649
1577583
1378587
875727
1454806
497276
1331619
58570
750323
853135
1457979
592994
1599342
660442
336588
6732791
1601308
1492027
1103483
6611601
1044129
1396160
1239370
1337301
335600
1128490
339796
1217415
6708752
1004294
1364747
645455
617435
397432
350405
366981
1239067
1437156
6769671
1399277
637572
6643060
1074809
310118
516780
559635
6626571
1040106
750496
6721596
1330561
1239818
1409795
923070
750994
1287340
1289262
673374
757773
1375295
1170223
6708750
6695667
792338
6782226
1607807
6759832
1022188
727408
1180489
6667285
133608
6628539
6752572
1189821
6756170
305069
305072
1488165
1164835
6709550
1456677
943509
6758498
899588
1593664
810832
456681
993961
713688
659262
1422305
1286669
888153
1139855
6758877
940321
6609885
6694515
285638
1380662
1427887
1023411
1034770
1311430
1608456
1534119
1250273
1390701
6677254
1119317
1284195
1484779
394455
391765
6647370
6646089
1276009
1526381
1556030
1009235
1220707
596556
6702913
1307079
1151630
483532
6660370
1381818
1505431
252592
532078
191102
1502752
6699014
1430437
1356428
6775830
93454
881743
1520309
6753493
519488
6709256
1221761
1063599
174102
1390544
1570091
724243
1230371
599108
342398
1395430
1294510
1208838
6727272
6677457
571150
6763742
698387
6666617
1405327
6788002
366574
716675
6699775
284602
1521853
507746
1445646
1210105
1183438
807870
1424672
1570848
395252
1545436
1605676
1593849
508607
274931
363595
260671
1157565
6628529
1454445
369995
1027980
6641352
793636
931253
1154152
1158702
1463085
6769126
6775698
897626
643730
6731998
6765085
1365068
151111
6631504
333961
1358728
6766320
492650
1076042
281805
1374265
1361501
6709867
283554
1114279
1428006
1420609
575498
6722258
6789087
365974
6671735
6781427
1400923
1153665
1487265
6771426
758607
1014583
771493
70821
6659515
1217418
6736012
761473
387121
6626858
1031720
153646
771906
6714105
793287
501303
139607
1545737
6786287
60148
876210
212486
1526511
60308
6716453
6771414
1593383
124639
858556
1607725
547157
6695596
6788471
1522274
383731
123089
917469
1227165
773812
1425042
137747
1162779
314613
485869
797100
1305630
6645857
305120
6688396
601366
6638581
976265
1483303
890757
238754
6764122
6705549
637542
6609974
1161401
6628305
6754803
1555852
1474470
1575397
1120971
824288
924811
562006
397773
1489574
6642010
1382196
1593396
625125
1078871
1226231
1441365
1048991
1083504
1570700
6673330
1340503
1091131
1479629
939663
692594
6609088
586566
586722
756619
1511663
1355265
1468375
6693432
253342
926503
6680356
387666
1401689
1550038
644093
1377533
278219
337566
893974
809465
6787804
777249
401255
1231998
6758413
1090268
6628981
6772577
6644466
6715669
1377577
104119
57259
6625826
1014417
237564
6746416
6684310
903959
297125
1258082
572884
344577
495821
1484235
6693402
1479675
1081932
200105
346205
1397933
6710883
1073465
1425634
632816
1573474
6750393
1082385
539563
1247359
539549
1370091
545382
1443123
1524900
1297770
1399441
279510
496882
6673244
1485840
664799
1025988
1152936
512265
1186837
391997
1319744
6657303
84788
266955
1018358
369172
802171
6768551
6625995
1218282
798241
241422
1575163
92973
6770245
1202111
1094445
6791500
1214623
808008
727344
480886
1484140
795781
1247211
1468865
403683
1030642
1363699
1125900
1332121
1445411
384777
1081614
1223462
545951
1182326
531525
1216673
1371978
1385350
1283410
1029389
6726641
659338
1390423
405734
1425016
6689588
501769
1178955
1163788
1533600
393726
354438
1412989
6665577
1553370
1164957
6763800
1605138
1153340
340771
1368249
6713637
718335
1464889
925957
1552883
609299
1270856
1553004
1099297
6699827
551676
1152407
576665
1466084
280864
1440136
349762
60815
6657548
1479983
6785974
1283941
6608827
1073001
334991
579311
1604875
6665076
1152158
1155531
906267
6785925
1081255
660585
551660
6632132
6658314
1511109
286217
503731
340964
6610352
6772025
540454
1531841
6657382
169783
1238750
1345274
1402025
1078465
6704340
1027712
1497705
6630854
273814
1368634
1190891
626481
6650986
1501996
6656709
1477932
404980
694429
800093
562019
1531775
6673359
1455341
6693004
736706
1004020
1448617
1309390
1215204
1259127
6625031
6665989
1039675
1495620
1375220
1039672
6632100
1290392
52953
114720
1448171
407084
347556
859071
6612100
591823
1170965
1050987
6633798
6689358
1384170
1446658
1158872
6665791
748940
1568912
6625616
1008610
1063183
1195548
653443
767850
1536764
1227399
1042993
365650
1505025
1132339
1584123
1190426
869167
6717020
1357036
6763021
599732
1129914
615458
698558
6750405
772112
1053682
1480519
530402
518910
6786268
1082645
1473355
1373996
1366409
1464378
6653981
1507386
280820
6677810
1464844
6719531
387904
881604
6700399
1476602
1526469
519103
1602319
1240326
1425002
1154489
938445
386260
6739566
1607733
1374108
346502
277910
1222985
1184444
283694
1486991
6624997
6648193
1319061
1499393
6780643
1390297
607539
979930
318111
6700396
386043
278574
1482950
6749472
1037253
1122952
659359
6744978
541100
803588
621774
342483
6688066
505044
1460514
625816
6635464
1554860
840480
1318865
1285432
6638273
6632628
1448643
6787332
731469
624866
6670618
1117620
374414
1210668
404615
521752
1595169
1240022
1554042
6680544
74293
1063282
1606265
1069578
6715790
6644961
1592906
1131216
1360054
1128561
1304909
6645722
1354395
527320
6729797
6673242
381390
6656944
569753
1472449
1121680
6671812
101290
1532707
6711936
1364565
6750197
1549952
141025
328233
560121
1515927
905416
395176
1075618
1040017
1312200
253474
6646313
1121613
103909
221985
1117865
366042
1568265
873882
6623711
6733952
1409336
6631850
1599520
1380615
331119
1602291
890860
1443594
1171510
6701697
6620928
698524
6785820
1310376
1036798
1347981
6774068
6621022
527411
1403015
1406087
6744105
1347223
1223186
6684215
6746246
353484
203887
1150714
1274618
1240353
1511118
1404616
582179
1402410
870392
171938
6792767
1170405
1487283
553433
1287113
1102278
888008
1578517
1219261
396173
1127920
141143
1347939
626138
1368973
6609085
970866
365221
6790430
722529
6677492
6689596
396169
6790486
578162
851602
1515203
6639842
6680367
6694730
1113683
1312615
109516
6753132
392552
1598617
347293
553401
6739614
6750955
6702102
1288984
837153
919351
6758228
1321214
1248588
1557113
1309088
1601147
521685
1155817
1480561
6637058
220300
945165
74623
537586
515106
1415279
1477472
1076151
553985
6719971
6754653
732160
400926
1367898
802810
1196276
1231022
1337604
342965
1456879
626692
912731
6696483
1078536
1363988
1157505
6624063
6749829
1546332
1249707
6613809
1061375
1608369
336402
1599353
6747313
1094615
6628420
83552
1516733
840145
1219677
1585224
1444026
1248077
1477652
6740903
736246
1152821
796479
1360558
76298
6679593
1447132
1010484
6610558
6676274
1492761
1459298
1598141
1190832
712110
1457682
1330282
273386
1229803
1574119
636991
6609484
1598138
378361
82847
1001237
1183439
874378
1084775
1530881
6756277
1209966
6621262
662641
1028060
1463894
521250
1469294
6774718
547297
1510983
1442979
6627060
595613
618542
1437371
378972
6655136
334182
1533650
6696779
566247
1525653
521367
1269194
6609771
1470496
554137
795098
623582
926097
6735100
772460
6727396
6653723
617961
6629298
6726508
1318542
1462728
6644423
322740
1533933
1035348
6788421
245880
400425
6729705
1246057
1608483
1200876
148088
1381894
1510461
1468121
904634
1296141
1370193
1151903
397000
1603579
764005
28990
1498762
1463758
480998
329621
844559
1438640
1008349
330765
1353009
1184536
1334803
6770949
6639061
1254591
1319569
1008267
1158065
6654181
1277009
1472711
987288
1312366
6640143
1040482
499730
1329168
890011
938838
1365270
1390380
391776
1365294
6703034
1409152
1288305
1423589
883319
6748518
1355830
511579
1421169
1330374
1396063
1308119
1317691
1260306
1323031
1248150
330233
796595
1306137
699239
1112161
1359187
1356033
1332409
1377219
1377155
1456647
1319975
1380869
6641440
896109
6644129
1532915
1608582
1379905
1550893
1478747
1189196
1296161
1164706
1333594
1092439
676305
1212480
1424977
6693359
1060081
6623336
6784415
396254
600211
6636257
250434
6793064
1375660
1338458
1190682
1513819
227188
6743577
1042866
76859
1037767
820900
6638980
1445554
1516279
488996
1195487
954969
1583615
508580
496494
893024
277626
1206486
1522931
1487921
1599210
1592494
281795
529325
6789583
277353
6718693
1224023
6615415
1390800
295970
1045960
6665764
1439342
1460252
1440118
6750095
951438
6647181
405089
1172817
230071
989789
1258483
6775998
1521493
1215728
1118710
1411865
584898
527111
1522226
6761818
6674159
1199764
347595
519143
501592
281927
235549
379669
94973
483496
1426700
360381
6733154
48429
1202931
61558
1283354
1597653
50656
107367
1505902
1059672
882173
686635
1364344
6640940
503988
731274
1223112
907623
1409848
310194
536982
903957
1365328
1059865
381684
6726467
6688494
1372415
1059662
6710449
505386
530835
6770134
6645998
600516
1428169
592009
1182100
1142942
1412030
6676062
1579928
1379194
1357032
731784
558659
1555429
1099846
394812
615720
1529144
1432102
6792951
6627136
1239577
1099647
6752662
6724142
1592525
328501
6757139
6632403
1205243
1132062
6665184
553936
6793387
1356294
1489961
1356425
949905
329155
383817
1504669
276145
1121603
6767953
794058
1257029
294695
1177126
6753855
6733366
512662
707397
655748
1239595
1290666
1191033
1075368
1471184
259080
401646
6744953
74312
1456866
140200
1251034
1263087
6753522
1423508
644572
1063578
676573
691060
408751
901984
960391
1049765
688125
388851
1086274
1445328
286099
6682208
534751
6621703
1157902
773492
6653500
1579276
1520573
1244862
852421
6705040
1321133
1086301
615915
6668279
234011
6712350
1086302
59498
578030
1086275
234012
1412967
282114
363876
1539429
938720
605220
344823
71169
6726950
6625472
6676079
6689306
1366617
952283
6723485
6683431
540338
1389041
537294
1162557
949169
503615
1543285
6685291
1038726
283135
245252
392722
28175
1230665
534538
6792187
288203
486983
6625111
387678
281240
1484594
1426453
1312287
6622537
620006
6638025
1499524
1270368
1386914
1053725
1471369
364555
6787006
1392913
636039
6749288
1025112
855183
1205390
719408
185154
6734384
322277
1584074
850202
6710396
1438495
1392095
1123405
6627865
621812
1047634
947596
63597
674481
1390834
6733132
855568
1017862
6723573
848098
103694
1033809
1515374
1285676
1160739
6658961
1121739
6783141
1318906
215775
363915
397639
1344646
906867
6758886
1293689
170028
1033817
1112997
6735733
1199805
6757347
1401132
6715586
6742733
1309280
1428515
928054
1473518
1126335
819484
1346333
691901
1313806
97939
6784335
504175
459625
1044542
6707392
1127188
1559070
6693661
1069416
504937
6727107
1138878
229542
1549403
275651
1425769
54679
1489724
1226644
1034730
366401
6687993
943011
280522
1290742
1404526
229548
1258471
1251578
944517
838039
1607812
263641
1028527
393603
834737
534192
1497783
1603663
967768
1426788
1334840
914679
229551
1248164
1259910
574792
839557
1353984
229550
663770
6624569
1521890
229545
6644463
6658556
1551025
1220588
202243
959281
296921
1392705
6707470
289384
275304
1474664
6708061
372489
1223552
1373667
6654054
772218
992262
1095000
1483134
850832
6701434
1006750
6621204
400438
1383041
83041
604740
6745414
1487482
914671
493109
6611521
727994
484809
278614
6641084
831523
294667
1527328
6769207
1413163
70093
6755118
725525
550935
967298
6703521
1309646
6726583
253550
1126238
624540
968070
613898
620215
1110380
992549
908580
1393203
372842
1198362
777352
1356939
1482723
488944
1438407
1189271
1438407
6745513
1553245
1473381
495961
1270999
6649435
6699549
1594469
599107
1485169
655248
6750686
6738436
691031
1289898
1411893
946075
531420
1474194
1454520
6620895
1130769
1275411
1200962
1296173
1309719
821922
1358738
714449
6609174
1169754
1376143
495867
1472458
6709503
6703892
1225734
1358891
999740
808201
6745180
1141782
6631267
170015
1244030
1364532
651449
6731002
986936
1041178
500169
6692193
359496
1141608
849198
569323
34896
1606665
1347522
1130223
756302
667220
1071099
6692203
6750893
1196419
6674753
907369
349120
1404254
1181302
1294206
6751542
6723731
282407
408390
170323
993193
571556
705176
545459
449600
1529295
6759589
6779290
1318457
1358226
1158375
492261
562847
1397149
1007082
404530
6650196
6752911
6729258
1516565
227824
549842
274145
1602907
6670279
1070606
1364205
1330501
6671442
391590
1086077
308097
1241883
1458165
1485608
701210
625649
1221765
107550
1187546
6746335
649202
1541585
1223376
542829
6787197
993321
1195838
6792595
6646744
118755
1151913
612292
1182664
1465171
1595440
1262684
578178
564598
1092272
6659489
1374963
931432
6654530
6659408
924160
1525069
1382084
986489
6719073
819727
559126
311189
6776673
289123
1198236
272285
840952
903409
1399165
637451
635030
539943
572378
406737
1290219
1312205
530934
386225
1200586
6685495
676136
655899
1036551
554043
1016641
6711155
6672931
1115411
1228922
1563787
1455801
1473733
6785249
949165
6693511
6685326
334361
512312
6771201
6698562
1465511
49075
625489
1248109
6692919
1345865
6651450
337586
176109
6718325
748880
1594333
1520991
1318936
1432419
929680
6697846
130780
327526
1454400
930585
6677259
1388892
6693342
1580070
1466984
1258600
1572930
1486149
715955
392469
1520358
6681531
750508
1582569
602974
1086435
1530321
1208239
623428
701666
312522
1306887
6637965
1528133
762401
6746158
1103018
1011706
6733748
1042383
905060
6733700
1478507
580205
1322264
1577538
1264703
938024
6678460
338206
60032
1223863
31307
687466
1322168
1356587
1322175
1409562
1366145
1261700
1158827
1447067
819357
1537229
328419
1338278
1376619
6631755
6630648
592587
863194
1237616
1462973
1496070
1526612
402858
1489386
1110212
6708804
1025434
1272591
6653860
1024970
6759280
1442436
926834
1460480
110820
1399011
1393934
6670673
6691236
6746495
1112363
1516369
64475
1464612
727728
1445218
1294469
486275
6673235
6692468
926524
6763618
6660703
1012340
6734034
1530417
264370
1153026
1171316
6746497
289702
882893
1120202
1214910
329342
1376265
869253
1430112
288403
6698380
6774281
872567
1275695
382420
379684
6630453
1281603
1276000
1400498
1429213
329812
1448059
1369141
1604526
825320
85049
351347
6621968
949749
6719283
6711960
1173025
1577465
895259
620104
1593783
1603152
1122868
1375343
6654362
554131
513158
329841
374783
1263119
1035188
276462
6724958
833626
539370
1484064
822650
1408734
1376552
537037
6782653
263824
1291006
867320
1284690
6633653
6705765
1445568
1376546
1184520
769823
6704076
1366958
621582
6728031
6722223
6723983
360490
400392
1453700
1505886
6669794
360451
871137
151780
596327
1249898
390307
1593503
254471
6700473
1579695
6620746
6697751
6771878
1079770
675765
6644278
1086072
485438
6709121
870213
131847
1054893
569442
1577165
6631475
786242
484814
766723
6621080
1028374
1009792
591865
889443
1464629
6639064
6731953
78661
312620
57465
6649566
1331867
6665125
6792971
1136167
1353502
169540
1499474
1244474
1605425
6639290
918292
1101494
1195723
1444893
1331901
1226675
6770732
324293
6641911
611497
1520490
6750926
644557
6709621
6760894
890028
6790003
6775344
1452883
6751275
1277882
1208679
728429
1195707
6635086
1251447
1419594
797748
954874
516197
1421252
361051
614362
1259643
1303149
576105
262187
492009
1040897
6779569
628172
1157566
632880
1432513
6751288
385523
6640106
1263647
389892
353496
356950
1035290
651588
1355337
1477318
1505299
126389
1604086
651583
1014085
354272
601687
373969
878708
818891
6659994
1198355
673702
1040333
6650467
1514245
1034320
1552696
6773175
360747
6764908
365866
689741
221639
1028023
1075671
1028023
1606456
1510116
748709
1469550
1010805
6776290
1358294
222856
199052
1347978
1223160
1155698
946262
582970
1035244
6677100
1409766
1219148
6657737
763926
1510177
1026521
543153
1593369
504382
1179378
1345753
1011090
6757513
1230165
1598479
6683971
1452165
1569793
6677375
1556554
663896
1052505
1028702
6748899
637217
1047365
501560
1447052
241531
1430043
1140662
327929
495727
252982
6765590
6677114
1518667
1061865
503357
1596015
1030122
1556582
141455
1237009
1283994
6679971
349602
1599845
939849
289079
1498145
833135
982261
1534262
839672
1275856
1075091
951043
638451
1274824
6670052
6687831
1229161
1200811
1478712
1033238
1358276
1228241
405266
1402923
1593871
662351
893852
1486063
1433858
1119461
6771371
1594881
1052727
6782557
1251820
757715
305238
1380801
1525856
275913
558781
1500784
169729
945510
853114
516130
6784677
830096
958834
1501043
6708407
6650451
492273
629839
1441257
1181786
60816
1123824
1422441
1320124
823263
6719533
401610
676161
6781378
462895
217976
1441504
403875
959683
872025
6731288
989766
490960
516758
1393991
323346
1223090
1153069
1478632
6764293
1164234
727419
1363599
356571
1046074
1516605
6730196
849156
462894
6626272
1328827
1556031
1237379
1354113
6668798
347666
1484662
6729349
6772162
645992
6675082
943526
993988
664962
1595605
1033371
6679867
1196719
279508
289516
755908
529504
1188450
843135
1291272
1548676
1208009
1356837
1471421
491048
6652999
597551
1132379
329676
264545
1310586
1023743
6751014
1329398
496778
6752735
934839
1333685
6740119
1524366
6762707
6710117
6719194
1422037
1409257
753131
291929
614772
851482
281242
1549420
1130823
394647
931961
1335180
1162456
1008765
6775578
1576297
673866
1406723
622596
1262805
1583696
320098
6721505
918869
529448
755273
6641208
6716373
650929
1527833
934498
1288058
1360093
179484
846391
856671
288442
1030823
1576292
1090205
553293
6765814
1557894
1032310
523851
1464593
182720
6764849
877718
1376360
743481
739995
6658445
916408
800267
324304
1349795
1188583
1030147
717740
664088
485748
1469265
1014499
916379
6697703
973819
6627917
1450069
6788301
1183803
1387992
1524669
1163762
6751090
391013
1053924
1009199
553023
6716942
1399369
748514
6639994
919769
1378803
1436919
1410919
6744241
1464357
1121654
402123
1286502
756001
298682
6660597
1408522
1382560
1275396
1091446
1576205
1473251
503025
1379652
760155
1391417
944270
1333983
1406189
1061790
6614887
1482253
1577924
1312752
6640223
381849
1330465
6713121
1594540
1429242
698255
878877
1523638
858835
1218536
1542987
1276319
763874
963055
1384667
774336
6650270
6714122
1401095
1260860
1401164
868808
1517844
1376545
6693718
1271867
1518353
6685615
1488142
813072
290098
871866
964796
1261730
6679328
1111225
1219421
1432315
1347552
1367483
1322547
856085
862195
6759307
1172743
1270480
1199856
6676278
864523
621135
506560
6747090
6645488
1159796
1394629
1376387
960126
1365097
6671593
6784741
1531098
1179255
6744795
607632
6637462
1235695
1576573
926091
6721309
833005
626522
968755
6725056
536312
1262284
1115303
6659721
54910
1368118
280936
6736466
960097
1575593
905862
1429432
1496258
6654003
1079794
1430703
1006126
1184700
330516
1381826
506148
767599
120956
1436107
1525888
574956
688047
6624794
1539517
1183345
1498353
1547530
1449738
6785700
1383627
1502072
522350
1502171
1284194
6724648
1032756
1365969
1019382
6639107
1482214
759104
1290946
1470265
1386763
1070739
505971
1079696
714025
489771
360450
672661
1578239
6673550
1142553
1460620
1403522
1322002
1321117
311625
610956
1494397
1042478
645395
1060777
1484746
164664
1263380
6705211
1172531
1202279
739267
1354525
646365
1187696
1271702
1037571
1037985
1372746
1309529
918628
679095
1494083
1502113
813892
335898
382465
523525
695045
6690712
6666978
1543111
6771281
1338551
910312
6666976
1492412
285515
1187075
204259
1488810
6678565
1110345
1230932
1373549
395463
1376994
399960
1477923
833573
530169
1234308
1098297
6714293
676871
639315
398648
516818
772581
1214130
1388175
773037
1405811
926293
321596
1520679
1227192
6776893
1219751
249320
1533386
6736759
6768148
559161
6682014
810651
1368012
383821
330055
1028944
1405265
1281600
1153075
1345696
6634722
299897
6749209
746369
1430631
1212670
329233
402200
374166
1160173
6779816
6698235
6765800
1465627
1016663
731447
6776140
727888
751969
6772928
701531
1422472
1278464
1328527
6770235
547801
1393307
841479
1547311
1573699
965752
1521632
505423
392835
1583739
986522
1198630
158628
1310701
1216192
6766894
6672093
303148
677075
1100708
462251
1094464
1458107
6634439
101140
748425
6774131
1438825
701514
280465
716364
1480356
6694798
524693
400241
597141
863218
1042514
964912
239947
6646067
6786752
1163778
791623
1373500
1599652
6717737
327857
902990
1094651
1458647
315652
1500572
995341
906799
6765832
1046419
1042812
1508975
841142
723807
1345926
1462388
1365035
1511252
6774638
1200669
391667
659904
1456177
720422
928455
762630
1453693
1472479
264169
1045667
884510
1523560
1001973
1312633
6697320
1481296
392525
990883
592241
1411892
1364661
1448918
6704042
6773758
321093
6704580
1033373
822728
6729336
6632703
616925
1501828
1570555
1199082
1348212
938523
1158829
923392
6731946
6720914
6695598
1407809
917744
1510410
6677903
1429644
6734646
1050008
1220930
668232
999644
647362
521858
626900
6640226
6615486
1132675
221083
751129
1445119
6728115
1310947
1607608
1275251
206265
1094831
524315
6640856
6642367
1259835
1548209
1187530
1520183
6772140
518959
1373375
964145
91168
1549615
1188427
6770248
398332
505711
1500233
1112668
1043902
6679213
1251167
1487948
357488
960435
789662
534370
1099819
959604
1276916
1549626
6742359
929222
406609
6782204
1452107
653063
6728460
6733698
1066865
1386651
507631
378639
6637685
6782941
6717739
1527458
1527372
1258767
1408802
852311
103044
6780254
576124
570078
612734
384223
1581021
569184
818331
265333
1061346
883921
566469
1163808
1394791
610612
876922
1574278
6684995
965989
1242275
1432988
235425
693257
329037
1402304
6762107
1400850
355576
848116
886806
705170
344553
6714568
498270
596243
6711117
1446981
690926
717991
6695872
1601311
1194484
978748
206455
763755
601439
937680
1113299
6710439
1449032
343466
720560
769486
689348
1302704
221370
1528976
1270882
1113422
6715970
965763
1226406
991998
1258631
1102669
642949
6794134
1418546
965797
1418546
965797
6738232
1342356
542343
355914
1100490
507245
6638004
1498375
6784134
6625920
970980
479778
1173005
6639938
631020
876805
1572244
6682005
275633
1501650
557560
880535
74455
1263086
979880
1051588
1026367
503465
542330
1041199
790251
1545928
6693225
1595476
6761240
1038218
1394682
6622718
1427026
6751179
903288
333710
158525
1106187
1027717
602326
1596625
1557808
158523
1556285
960392
1159592
1071670
1239843
908291
920827
660243
579486
578139
1016558
6649373
1423692
1303237
1045021
1185872
541466
6706966
113596
591793
1061414
1487384
983168
1547137
6647872
650935
696132
6633484
33034
6613677
6747336
753464
393420
1226865
626332
1317613
1321700
1485074
370378
225229
1598839
386135
178112
405691
626994
211049
1312475
1029999
1384884
338991
494336
1506630
1086065
6688833
1488522
939439
6689952
953997
398270
904853
396189
894509
380954
949622
289603
152197
857674
1542296
403599
6760095
630176
1313205
1138401
643574
1028506
1272552
1576119
6766066
1083356
585540
6649564
6785533
1524218
694502
740992
1179555
1482429
810156
556726
1261293
691386
700278
385000
1165751
698074
525191
382000
1425635
6628260
6772714
6690802
1188188
561424
366951
6655913
6707183
1229655
524838
1384827
6741662
1066033
633228
1481458
759617
846968
6642069
732589
886820
554543
722234
6790319
1049379
6719232
6658587
1292573
6714639
1093650
6649847
375565
593042
508932
319285
1062047
6793909
1160563
6679529
1112410
1595052
1606541
1405540
1141624
6643766
1292566
154148
579180
763742
6703966
1091881
401275
1011073
1513946
6731649
485468
6756747
966602
6789703
789298
6685266
696916
622487
1485473
1064731
741901
1574605
1413017
951052
6749464
602381
1257691
6745429
675127
792917
621384
84717
616801
304562
840832
1084718
759360
1397169
512412
1191407
1514359
6649097
307627
1454717
182019
1168056
391276
156538
1573942
402130
960113
6789090
600383
1461010
6657446
1062437
846936
1490984
1243556
735934
1011805
6735736
1504665
182522
598355
6777252
1505203
1449038
6633718
1435505
900746
1383253
1526850
1583441
1514635
1451777
293163
1554585
6625499
1526631
766630
1312189
1326062
362716
32979
289383
1456548
1261247
6702451
1228065
106399
1079293
1328638
768393
6678932
1183754
663722
1455869
1195436
1053747
1070430
1296206
1061938
1465389
6680780
860236
1594136
950264
637361
370140
219290
6755749
505876
6714858
393436
1494704
1608020
1441679
842226
6647296
1509536
528514
852989
1181306
1441206
1125635
1049618
863029
615889
649736
249521
1043146
717380
1437842
926941
1216892
305607
1094596
389670
1551968
6742044
1158401
757938
1238126
1091495
732614
1500264
610231
1402519
69828
597518
6695211
322554
1447639
245012
508242
328125
691391
6627820
6756111
6640227
6634212
1077726
58445
1450601
1159791
949942
1227021
295988
1482596
6632572
367481
1212493
1533243
1210375
840281
408591
6695994
1123888
559856
1196887
6775192
878458
1046308
1431613
340398
1155982
1218499
1052755
1286693
1422042
1549296
1117634
6775111
1592863
6713450
768872
558931
6775175
770817
830365
1552274
558724
620744
288623
655188
637544
1307353
1496750
728052
751788
204689
774046
1367793
841470
1293801
1432130
1034025
1469445
678126
119726
773418
1526988
1230430
811814
755705
1092634
6671210
1345396
714728
6780642
1451613
141418
309892
6728857
1157878
1283435
1460049
258475
522889
1228341
803410
1229613
1049318
653940
1428128
69720
540737
305520
610688
1439348
6669915
545794
1076672
1029089
276342
480477
389952
1578917
514697
58814
6676461
1349068
857875
483679
68613
1507630
1593186
262359
1360053
1202024
1470292
1424084
6633380
6625164
1158068
723981
6771415
369806
1069709
6750447
337524
1463174
404786
733830
282616
889672
6667019
1377204
383028
1038559
1169524
747833
6745750
6738609
1354694
288160
1233661
406818
6758622
1049104
1574534
1438111
355932
1577312
1549528
1594014
676438
799907
729425
6670478
6767096
1538158
1162819
436187
6757706
729003
1573638
852392
390915
55334
6688328
6780616
994375
1429196
1007148
1541501
1592244
1288037
1084452
1432136
1226244
1358445
642459
1225285
883531
1446053
1154645
671905
488995
930632
637826
1494849
151599
6628443
344972
1292826
755427
6625841
1128594
1419172
683401
1569913
657964
959953
396658
609631
905337
18921
6744438
726129
406859
1110393
823453
6699157
1199246
71238
6692091
6784015
638962
1085709
1274325
610238
1110109
1476532
1292400
6705694
539109
6691436
403947
693144
1275482
1380582
1101137
760945
6753761
1307916
6695189
1086413
496477
1012945
6661380
1529960
1016555
6683835
1307784
126373
1389031
1288724
205820
1078757
104338
6628568
843365
289177
1291187
1596732
372533
692518
1076668
261771
1027601
360082
1009012
593036
1581807
1208856
1425110
595388
1121574
6714223
1077744
540518
1010598
1311070
727682
630123
1471331
1311561
6783482
596049
1312392
6724036
916834
812790
1076085
894271
6719503
1221302
1281892
1245848
1579446
883969
1062517
229857
1170609
6747294
1533451
1294105
958851
6770634
1294048
327286
1345133
6671294
679272
1306934
1308202
261097
6713800
1071240
944698
1155790
1291406
727960
575757
939370
1078520
376842
1285881
921866
182762
6736427
637346
1388392
6740679
546382
489524
6729274
988251
341119
405577
6642163
1552893
1282855
1346801
362951
1420259
1554581
6777383
287169
1452044
1154114
6634326
1090556
1226250
1605672
1249226
1399893
963173
399376
6655641
551171
812555
405055
917284
1031272
6649645
1078597
1180423
1094103
6746421
336386
6774763
1398172
805854
838428
85238
6632543
1594691
1333657
589773
332806
276879
820537
436242
6684030
1399384
1263165
6743586
1332228
1605941
844935
1480194
1441475
254004
752311
6776488
6668950
6772970
369724
1463150
6765535
6656413
6623956
1443705
1524291
1427481
6681891
6782473
64393
1464392
274854
748357
6613370
1308509
6682983
6769010
399193
650558
1111241
6689605
1221953
395356
1425111
6685578
1514480
6761229
6666443
752472
614346
1423538
6695536
689361
1045718
6676525
6705400
613308
6712746
1408141
6746571
1113899
750413
1571652
6746569
571003
6658306
717722
6746737
962723
1463863
1396744
1420315
1313704
1422826
1435849
6694815
805822
549766
404154
1086503
1507527
1576174
6658282
1137311
1429378
797618
1163241
1392526
1556310
870155
6723861
1427599
616990
903568
1507591
686825
1487436
690427
716365
532515
1164985
1443269
614799
1453539
1250550
1349017
1487431
1047245
1125832
1154536
871399
1310095
799288
6639051
1060605
857308
1511688
1480809
1435452
1399261
852651
1242365
6697817
1184284
1424669
1426746
6786241
6710546
6624827
1522052
6649568
1197536
968210
1220698
1412939
1250524
769369
758426
6782397
508767
544797
160035
738755
6786124
1422806
6729284
1329786
1532156
1032120
722078
763599
1258943
127842
244925
1093524
706508
753227
1382071
597368
677772
66372
1397974
362844
702747
952711
6721087
1430210
1057283
6637547
1393326
786560
930474
1319641
1090981
1074724
6739269
889742
543324
877215
1568848
1217444
1263852
6746382
1454105
749400
1015623
1545689
536133
1165110
56875
6667358
1219392
678349
642422
6766351
1312901
1143092
6683131
327105
1309399
601662
642639
6754498
601670
580753
1030118
1284677
1501728
663910
1554079
580718
1421075
6726409
1529464
1169693
511731
512558
1599834
315460
483578
1452359
1554470
1514991
882903
1218380
370304
930086
1511545
1014228
521655
1202336
1224532
1481057
1093192
406003
1137622
6639189
1358740
1497963
1186872
579538
674063
1264612
1025483
1430080
1542882
849881
441930
333015
1078021
852961
596422
901903
1269918
6722783
6649499
6772512
992328
6737950
1400062
1536650
896553
222880
1119859
649298
1567675
236062
1596043
6610069
6718584
1531276
380972
327458
6658041
644669
6688187
6723732
764824
261549
774561
32613
1458790
1184662
789994
1079230
1437267
1528353
330437
131805
930317
6646999
6643635
315671
6759079
323744
917444
6777091
6621865
772674
589011
527609
6723716
1484766
648274
1308311
1517609
657683
675708
1406941
68924
6738277
1446923
1089473
1085859
1546984
126331
662692
1432106
6671838
1202449
1043969
779989
1541366
784383
1397876
6733053
1317984
1596216
261567
6671066
744478
178737
1378410
724996
519459
1428936
1440784
614326
841506
321914
318724
1518021
1535411
1250319
388954
75604
540491
636357
1233248
6736737
282977
338646
6652570
1600573
563627
6739377
563452
6745935
551503
840510
529338
750811
665979
6772631
1569874
249507
765597
1100116
6672859
632969
6747089
1094782
1475695
1438838
1112586
563449
1053484
1575044
1462285
600370
1516247
1448447
1306849
6621189
1145664
864856
1069091
1553998
348264
1152261
842475
6746120
1354810
1583297
832814
1319771
484777
1357910
1526210
1100797
1026160
28089
85108
940537
1048746
795771
1196842
867417
512943
1439322
1258889
1385313
668431
1446628
1507771
1583949
796792
1234643
488498
1317936
1289079
1181606
1042935
951592
1031649
969423
1478318
481541
662618
513340
1386107
6746934
1201272
939858
1100793
288539
6788314
1481222
6776113
564576
6716808
6724765
394345
520618
604510
1037308
652114
6739909
1592908
6650448
1224502
1578286
530077
258038
287143
6639497
1375307
1519392
1040393
1306636
1410813
6714247
1604371
1550205
1238985
1544938
6647649
1230220
367352
925449
1547646
1034141
1475821
6629597
580569
767091
582270
6784478
6767512
1593084
281535
1572993
526461
1060612
605672
516338
646206
554022
1378606
1364673
6703726
1247160
763135
1600902
1030104
1224816
1239288
1420083
788993
130812
1239293
852263
551122
1112147
6778550
870414
514394
657760
1606287
1009071
617179
6736180
893721
6645373
1278097
751275
55656
1197285
1542552
1259300
1119529
1546591
1495744
6680980
578404
1272537
1273249
1391264
800044
1453588
1283762
1188545
182818
1100824
586364
6639624
1473331
1189455
92659
1409499
1594244
6698819
1101365
6649829
1607226
6728359
805823
304996
280352
692395
622331
1488556
499947
103012
135540
1088539
1275612
1309585
1046442
6733763
722617
586146
637662
869922
6632008
757186
1432947
1011046
1483661
761771
1026460
6673098
6700466
6694745
664686
654298
6627334
1432141
6725196
876221
513633
6644203
1552649
408131
6620754
1577036
1291728
1432055
1384383
378797
1390287
1270253
1483970
1539515
675310
1533836
405556
549193
6725070
1492104
1514717
1514707
1076883
1595366
1334353
1514709
1230689
1438564
6636005
6726122
6770376
6683497
687900
1578898
589904
305019
676748
1198988
807859
664696
397061
1407767
6774608
1384220
1374749
464584
1291714
221191
650318
807872
1091969
1178768
730030
1284148
951544
1272999
6630395
6750387
1292672
1001445
1543197
491706
6718820
6785944
6760389
1126492
1043712
1510826
1396254
1170028
1450085
239479
6699795
277070
889983
351537
1422099
6697826
1574148
724956
6647041
1121039
906752
6753024
987528
6700736
1198377
807875
1354835
1461780
763871
1493600
6623999
253377
6775553
765387
1527262
821403
991028
892062
6770090
1040376
1446196
1181254
1607410
277055
51433
6658897
6655693
615325
1528916
1186608
843741
6643812
1397388
1473764
6746108
6791754
1510836
6700034
701246
369840
6748297
147665
1271773
6689631
566290
1422570
662415
6656802
715180
1331561
1122300
6713823
262232
1235230
262849
6684367
1039454
197896
500478
1089149
6711690
496075
6773617
1093745
831589
1060173
1484583
1140457
1195745
55570
395711
277835
840804
1188566
829695
560317
528868
788848
1036042
1474852
6658100
1308465
1435338
947253
767853
311833
285054
1238265
1413315
786078
1578085
402492
6672627
732181
6790449
1275767
1032695
6671220
1578791
1011278
6764298
451896
493325
743132
1259380
1274038
140227
277616
1551006
1221858
1014300
6612370
390015
1545712
1354615
367207
277627
1531442
1027405
6658241
526655
593931
1291068
1518843
1197848
762188
1099772
1602706
570359
546959
646786
6649185
222738
546944
327906
6695931
1292788
322452
1036907
721544
690928
6704153
260565
369507
6647543
501715
1157477
6708355
6610777
1184358
731217
675247
6730071
1310965
819537
1129113
1012385
876244
1052591
644555
884770
6790889
1117517
1261815
1347496
600831
1466197
1578346
750155
645873
718178
1571481
1364536
487487
6747615
504127
1076081
344181
773662
960807
1523820
221165
1597397
1357273
1576631
1449718
1069877
1490821
6666010
1378089
876770
607598
1247873
6710835
506920
720865
6684281
816927
1049357
917147
322293
622735
528746
647144
544702
623934
1172390
713927
6756496
1223158
995259
1010325
1045619
1546802
1069867
731567
67173
1411412
1519431
1014586
55519
688677
1391967
1072441
1558561
1365692
1390605
606236
385185
741795
1326667
681955
1383136
202807
979106
1096747
6674555
537677
1307113
6723436
537188
6613575
1042376
381808
57499
523526
252932
6706198
505883
1188020
169966
637850
1397893
341864
6665094
894286
665457
1294908
773635
1264708
1406740
6611924
1519584
868036
6720232
1550092
772915
1244410
1368479
6610429
577321
1372466
1376607
1528375
1570740
1270603
278778
798246
1153816
698723
389448
770319
1074465
1481208
1570595
6640388
1094098
6644572
6735629
227812
6725524
803281
769840
299484
6718197
767129
6724936
1510621
1230135
1464854
1286414
750938
1602279
6645403
6622268
807181
1472575
994762
1172582
6629135
67940
6714072
1488558
808234
336418
489715
1438337
258391
978839
1542873
1296088
837196
1366737
1150716
1434781
1081675
678124
6717687
6666086
6711950
52698
1321271
925946
27936
889290
1478214
1249193
1502297
1457074
1078829
1606120
6695105
672653
276104
592839
1223208
723880
557501
27994
1391997
484719
1605814
1111215
1446330
989516
499873
74285
1530470
1126302
238550
1274268
343763
1456442
1533569
669115
6696431
634389
566861
594571
1456758
6733519
907440
1310264
1447079
276157
990278
517253
1446047
903246
6793177
6675383
6614791
332901
1473472
941264
1457170
1406061
987357
6736239
1405070
1447045
1426914
938243
6716514
789228
857996
171559
1525671
1392023
1321014
629354
889096
320493
1157442
701643
790238
6732066
1308652
1102560
1523285
1330212
920447
1244298
6759666
1551496
1128006
1423535
1496463
6753123
597484
391890
690466
638716
1391241
1200835
408436
1600022
877542
1035419
1604035
272537
1275288
6760317
926035
287462
867625
905097
6768521
1474510
937750
989344
895047
205571
351770
373657
1394737
1436183
6709570
303804
613186
1069503
729956
767055
538011
864932
91339
1556315
1345427
6773030
1025681
391393
6790089
1471676
645931
6732001
6746385
1555837
259623
400049
855826
940490
1228108
152094
1220368
630078
1467573
950000
1159067
300241
1514499
65378
877511
6746062
1075010
1154211
6731103
1583236
1602437
353262
331834
824482
686557
1383088
274970
1038393
728749
1100916
6684231
746498
1226782
1156334
1027668
1492498
674162
1459616
1160433
643457
1452513
1216723
1318475
521244
610790
6640152
393181
100241
722082
6672925
1273400
1427770
530014
253860
342409
1237856
992214
1542450
1075472
1286049
6701680
152166
1367479
1578198
1493929
840800
6776491
1395155
1401248
6636043
6762581
1393904
1071353
538322
717890
1474710
1311294
6759871
1465726
1331391
1393887
822826
1100836
6724221
398253
606933
1394370
1223660
6724623
1345241
6738711
21073
1333376
1009791
122635
323583
1198055
968267
93380
6676473
581937
1532467
6706035
6764170
6720975
6657954
6736401
6783413
151057
1048273
250789
1456528
1470899
6786202
612835
21075
678725
6671573
6786619
1533279
656981
6682332
1243579
987383
1186150
6735225
6700067
407968
6635721
941249
645890
286058
1152897
1021168
1038224
843584
1186001
824439
1528336
172754
617431
6704938
1481328
940042
405703
6610636
247817
6625278
1317780
1530802
1393944
1188736
759603
6609517
527686
1070147
580904
1488350
1514423
1283822
272997
6651481
1504510
645503
1276878
1308912
1068683
540130
1227656
1070800
6744312
1175382
1126198
502548
6620284
139959
1404005
1423112
6668061
6721467
6765697
844404
382097
1222907
1518115
139244
6648353
6651220
1365838
1574484
1406404
6667903
1372217
1245717
6675794
1198343
1485253
1282289
992034
278665
380962
1164655
729617
182156
1506337
380527
979046
654856
520302
6779477
1510484
1463992
6689676
1397446
338578
6776541
1120221
6660387
1464352
1178906
6708326
1451029
850998
6709395
393639
297258
1420406
6748320
522113
6784688
194202
6778491
1053568
1570644
6668936
1309757
1583745
300473
1273923
625629
368186
405752
6714478
768001
1004346
6713303
1062153
272913
6713311
1473073
960300
1331500
756696
392518
1273918
1275898
979424
6790016
1140460
1410834
1570434
1153717
1307219
511506
405057
1275440
6771826
1008897
1151637
524278
1470916
1201029
772336
851830
1152527
1364035
508476
1093247
1506865
6720303
1381810
103560
377828
1154897
786256
6784266
6741127
1408788
1482384
6737549
1593387
771657
1600250
1288630
601114
6681041
1467950
1366352
169995
1181773
6781045
1282340
1492862
6783677
6632222
6793248
586369
141356
6740286
1156335
1520474
610487
601125
1471458
692647
1271723
1405053
6776423
1049634
1555043
1549113
1196867
6670688
6680676
1475617
6718388
1237433
1051530
1078592
1060716
1485872
1445432
1015541
349968
1435331
984927
1140874
263427
1573054
1481002
1094601
217916
375407
1350289
372101
1171626
6613850
1031801
1359476
1216788
6694699
1365443
1197789
1180969
1515790
213857
303300
928838
6634867
589201
867296
1153287
273199
1156413
1113143
892439
1483729
1569612
1428580
1049631
6756746
6667139
6756742
1602958
6644037
351763
158402
405921
937923
1406142
209149
512908
1364417
6781328
6611532
304466
1122252
6648882
895511
484169
6695696
393354
6712894
393351
311959
1132970
1515686
1396097
1224264
587494
1574164
1456360
6706821
822512
366996
6778286
6695816
6715698
1110315
1573388
1154758
688593
6792769
1379707
518357
286889
6701638
504220
369917
6641445
604758
367594
787784
6712266
1068081
1287553
1606863
992333
1606797
1405634
6643646
6723853
1333781
915838
1552027
1099748
1105950
6781188
1231965
295330
1549781
1413120
1594452
1126373
1016378
1377245
327505
372802
1197966
6785733
1392314
1188509
800334
399682
1031088
521526
1398705
1593940
6677587
1523973
1283088
1096065
656604
6681655
1472421
6659565
881317
6701024
1249614
1075245
1222348
497474
597625
761529
843848
6675678
6643578
1040745
1039744
1251095
1064419
6636906
6647453
560378
311519
405806
818816
1047288
6719319
6761925
606329
882108
1069793
1497600
834493
6789631
564137
6673602
856221
6631827
1367473
1098754
1335318
1234999
624287
622254
574414
6695167
6638510
6631484
1200220
1126582
1033934
1035421
599053
770446
1481871
600049
1329842
880436
1111726
365438
906958
1291987
6654771
725960
6710913
995660
1365310
1572458
1197381
387129
943636
1311745
849712
1229923
610223
1295991
1260422
663047
6722621
1289778
1520269
285940
1272020
6733851
1359371
157611
6657134
1182211
209083
1197021
6785825
894049
1090980
1171862
6653345
351354
403579
1320745
643191
1320745
1236770
6612896
120588
6688457
1379297
1410442
1428248
281160
1161373
883035
6758424
360319
1396306
6753744
538066
282321
1354757
857718
609119
494257
584921
961331
538171
872492
1007176
6653264
6684807
1132606
597400
527495
1312276
397070
395763
609646
6734273
6741664
1212549
335661
6722959
675662
550509
1477914
75423
664890
1507875
976447
1518674
1289993
1068114
636796
1604295
1126060
1473755
1463618
620460
940449
1309735
1281574
47972
392144
1359094
960647
722728
611479
797210
1140994
6723671
1406175
6791502
591625
378825
1091274
6719310
258478
6740159
6654437
1311084
347222
212601
6641346
6730388
976464
1248448
346409
212831
6742142
6689693
437914
676682
288454
589847
1249029
6734025
6743772
6631114
1372124
569763
394611
1445892
1383840
662397
902237
1461299
6681483
6684311
1011416
1229876
1404974
1322658
1421027
1541795
6706235
333754
6719720
492450
6750630
666281
6680370
6651457
834744
810094
1480388
1235605
1422123
1519883
840990
1104536
602741
6695851
987688
1246019
718029
6654263
1200028
397668
6692249
6668586
799589
6744405
1190579
404669
1319714
6642387
837315
616386
389463
1113392
1358042
760126
678946
489686
1477877
1356635
1374383
1274809
894883
635268
256074
6790543
1252251
1318605
595113
381041
598864
1397172
1245895
1160304
64490
1423817
1011944
994559
1400065
598084
1247501
6768016
1411369
798719
6763717
689661
1247453
1158186
919071
6745330
810708
1230326
319899
6681143
987872
1608129
640465
1410884
6769947
1607466
1390931
1396711
6646990
406763
6658452
6668276
6694514
6732375
6713094
1583240
647882
580570
6747550
789223
1308074
6775126
1542215
6633895
6767974
257737
901545
1230284
1320711
6628521
1258828
601808
1274342
1386876
393734
988362
1472485
6743626
514979
1307395
6746837
1437734
1274484
769883
1221378
759685
1063350
677982
6681914
6703268
6732875
1608264
1547255
6657443
6678384
1190243
6612775
918429
1532007
1603649
920075
1444434
6774315
136316
1552779
6650942
501193
6723222
1289600
1549225
263913
361037
1117493
761308
260398
84445
213851
1038999
6632522
6698253
820368
1347582
1218023
1119407
363260
342897
1423241
6649380
1575232
1110392
1426656
378749
753613
6789786
1161216
334453
6698080
1608188
593716
658631
6708819
717490
483776
6666738
1479738
1353210
6648453
6788731
685193
1573789
1027457
1043766
6624867
849766
1221828
1604930
1464056
6783952
6760899
896374
811233
1575688
1597135
6755521
1111303
814234
246261
1346483
6705440
1544479
844523
1095613
1308576
586167
1376018
761115
6781217
607850
1186075
516301
1476926
1556479
6793396
1491107
357040
6611542
6718132
594419
1546380
369937
357088
1384293
6730600
1295166
1434680
286125
1295185
124595
776739
1215835
1523534
817110
834434
6779703
6624758
6656082
297028
662354
862866
496822
1553303
1209039
514421
1405543
1328453
899041
1580294
53834
400580
1573089
722186
369222
631924
6754197
6731804
1500721
1556361
338326
1521927
285620
809818
1533560
6695282
834834
6613194
896031
840922
6751210
1276171
696955
243784
1569471
905020
1410587
647747
1403978
6641794
1025776
729920
508191
1028835
1281451
1530100
760091
1285252
553426
1576500
218253
1191294
760342
6648507
1574967
764907
6700227
396222
1578588
1440616
1158180
6776646
1292127
370696
157642
6648592
1063555
212783
236978
1170377
276130
6758273
531236
643798
1519877
6745251
92198
288515
1578329
1442160
6714225
1396641
488533
1549286
1048511
1100834
1544336
6665273
6762004
1573041
1467660
589655
6676105
1259737
6722816
1501962
347016
852727
1480223
1262541
1486228
634158
6765568
6676110
6766752
1031539
775674
1552253
1140042
1391341
1574959
1163783
6762520
1593031
1479403
1399138
1348374
1448421
283175
372832
278001
1172247
1481958
1528178
513021
850976
726162
1006520
770074
1496485
6732792
537021
1549107
1070549
6637671
6725930
76621
6674191
1449185
551185
6771056
932381
732269
1528656
1267694
1095730
1285145
6657349
401595
236579
6748476
1379087
1608066
1348504
1548367
124186
312869
1528039
6630816
6613945
6632039
799851
790704
580249
620494
6700282
6790341
238961
6615506
6621123
820147
1157163
1185959
1057194
536339
560321
1414737
6613458
1300962
547800
6717244
1607026
1573738
1255140
483479
1197718
1358721
1129666
342112
607498
6624110
817116
178774
1597611
822260
6676174
136025
1575122
310526
141336
1096390
1601399
6632966
1449361
1302219
340936
1244735
1382443
1198637
6739679
946079
1608010
6641814
1041371
651326
1499897
1044403
564050
1548238
1160531
1480581
609681
1016151
353304
6650410
396401
1520103
1472754
253049
1319583
1044426
6748654
747581
335518
1102327
6702054
1224214
6681858
1279578
1486023
1439221
1212601
1239122
6659623
280330
1429532
6771335
839971
213174
204479
941580
1600815
1276690
1258366
1033461
274728
898850
1113005
718511
510933
833060
912692
943365
569631
320117
6741694
863546
1287431
253538
1430864
661640
350970
363093
1444122
1030799
1386669
483277
1533676
1598856
1043673
332343
224406
1099526
781467
1047299
366305
6666226
1576083
6782689
245657
326660
572247
6791441
284156
1568614
727613
6694973
1038226
6654454
1414729
321098
638594
6733078
748394
1271545
272162
1256426
1098697
6738695
1217268
368040
1052419
1025590
1542590
437564
6670659
513961
6740220
319113
480800
1197012
1290962
1488732
92915
688969
863507
790664
1259841
72096
304446
320933
6748876
353835
391896
6646565
1547313
1490105
270040
1172271
6763270
187071
6713433
730348
1477756
1317894
1001312
1089842
333495
1038350
304373
1033490
1228733
903295
730492
6709123
350216
1079525
1257447
6788197
1275272
6698482
1358483
1274122
6634782
187076
1284903
564065
758386
243432
18530
548076
174854
623510
600956
646128
1583314
6718934
1282034
971681
1111932
1608306
677800
6734056
1147991
322982
511591
1112993
1075063
1381521
6716620
1318379
1549070
1162000
39974
784391
872183
1061838
6733071
6741326
701038
703408
817103
171922
748338
1130402
750791
6638058
917802
555902
359990
325149
1103740
1479564
1230140
391548
686843
227098
141335
627319
1098356
1273952
1306763
1378078
1038346
1034763
35750
569437
898840
6658685
813142
144682
658978
1098381
557216
275402
935517
6692710
1322959
1329833
1518706
873778
1295285
6673831
6634412
1412965
652657
6780791
600605
1109981
1345626
596280
289835
1542774
370236
641039
1318925
397299
52879
755291
1016415
1295218
6709561
1130571
927073
622077
677512
6785169
6776611
1114251
1098383
199713
543123
1256114
6639035
402369
1201274
1468886
6702052
646225
1282274
1398237
1398393
1598983
1170672
1015254
510392
1167200
307878
1066712
6732313
6725371
510388
1236793
1081728
6678389
492756
1086297
492684
1187188
904428
1027550
872184
632621
989045
6642362
1521422
1426586
732228
508439
992903
1604490
6609547
6692346
1432253
6759732
748443
598203
766695
593957
1473486
593957
888824
773652
6741077
692838
6670460
6685125
292888
1420054
6718126
687353
868478
1337368
647060
189084
735057
6660474
1606164
1494073
1311638
1455786
1010899
6717599
6758464
1464306
1188268
371082
1157070
1412816
120689
1094952
980127
6782942
6645864
1249045
6622839
855856
718327
1113786
6678218
951062
1473959
6675425
1527332
261355
1226211
822169
994300
6791880
6749193
1291234
360191
1477154
401825
1348689
56027
1529162
866797
6784321
6673622
6740022
6709711
543524
1090841
1528667
6673196
6790627
1160317
978829
940575
564940
1142103
108496
342953
303372
344572
1380351
1212911
1205734
1425774
617017
1494869
6773713
550484
1123758
364172
1511508
547285
1427373
1396776
674199
829090
6788842
506518
1077597
1207593
6700046
378351
266987
1210112
896358
1075598
896319
1035728
6625547
554749
737934
722006
1053229
1571633
945509
1570363
1163970
1457839
1274111
1152367
262053
1005148
6774307
1333460
42645
1274640
396200
1306921
1091869
731495
540374
1282434
1427236
1487428
1269771
121926
1208328
1332442
295275
1398170
1421439
1517362
1063662
6668637
1379177
6638535
141643
1283560
6644083
6709813
1372757
1284875
1367950
6681865
889897
722215
1550608
621323
315738
1010873
602491
1501973
6710920
6652505
6749485
262617
395556
1577040
1549220
1263803
402201
612304
703105
368178
6650602
790645
1140087
635072
1171197
60166
1021900
711049
6719248
1206172
6737787
1355814
1536811
561068
259818
618717
1062728
1519493
843702
790858
219157
694120
259776
823936
620017
689883
1208695
6733496
1240344
22773
1379720
809090
1021026
6672517
728204
6615463
1269813
1428099
1439621
138020
627539
1310637
1067380
960018
100668
1183927
1287184
1317845
1222434
1362731
594533
362865
1075125
1575349
761337
376516
1485346
1505043
1375794
272001
716591
1181992
1318555
1163458
731351
1397771
196520
1448042
819575
517631
1486617
1404397
313544
1041468
1076293
1489467
261681
6746633
904897
661993
1231237
1443052
1477015
1146359
366931
1155018
1508476
6689510
408914
528585
349839
944383
6659167
752640
6674014
1543725
384844
287098
1375797
915716
595827
1441618
527235
923469
6627307
6708813
1372012
1100184
281800
688230
1181072
616860
239561
851336
564541
6764344
403977
510637
1479648
161546
1061033
6691708
1204716
6620913
6788815
6613272
6778069
6671406
508907
1010467
383520
1158808
492661
6721427
6713363
6669039
1465157
6625439
1294549
6750720
489607
1426710
507771
6765846
392929
1486739
670001
660507
601234
307751
1139554
507482
1577309
1331119
1232269
1433017
1393281
537617
353561
6764848
890325
1528685
1047872
1272988
1084036
598495
549505
363497
6713435
1191035
668597
245729
1469732
1518911
507802
201892
1221261
774540
515633
1174554
856095
507719
1601198
6754917
1429635
6761530
845094
786131
347749
6653122
1541394
645102
569152
1152732
6767838
263256
1427691
1495339
678872
395661
541744
535908
59507
845067
786033
758431
6673456
880670
704017
1400254
585639
851266
1061130
789980
1310534
618451
710220
783989
6783241
383115
671913
537593
1438425
144497
249120
654396
823588
1478223
6709308
796352
6677653
331285
6770044
1597081
786833
6762146
1518408
979016
522296
699352
563477
6781534
1551344
1465353
501351
663913
6642548
555806
1064543
701746
1509621
830191
6725392
1106407
846969
1529731
288955
1400117
6644285
1544115
918321
727437
6745647
6719128
1185429
340568
821963
6665046
1066665
1383667
560970
6639458
344333
6750984
334918
512798
728028
757703
1601699
331502
6741981
6640998
1423098
554551
1515537
1376912
796060
1226928
1276572
1465363
1133968
1045319
512827
611571
1379579
900046
1022895
151038
900089
597485
1250853
366414
1156480
1367127
1215653
364821
490299
811207
6781684
389747
1049926
606574
1182987
1453548
1025527
588094
692254
692243
1165066
1126928
1123176
1183310
1259435
1489438
6630753
172988
774325
1386225
294657
918045
1556885
6613456
6715137
1100929
691100
1125815
1010932
953351
994456
360680
1548202
844493
1498495
995094
762972
6779099
550951
116407
484398
6693550
6779541
764181
1398123
1161866
829866
869433
1011054
1521873
536304
304203
6784133
6670752
6627571
1515575
781321
1320173
569473
53684
1167379
6657256
6740300
700377
6773321
6779456
6757451
73110
849525
305174
6745877
1008419
765551
1281890
6726487
1292162
907725
6649265
534186
901969
1259485
1484023
104552
600267
712158
6724282
359945
262322
6778350
1043678
1272931
1515915
179132
1216501
6722619
6651065
1406478
537803
320934
986144
6785648
19232
1287994
678624
6758288
768545
569400
1462579
6739977
335825
6786178
714547
340035
612094
6671718
1293233
1179282
6719179
687608
536067
773500
6644486
1024996
1547542
162877
517545
1547445
6691445
962839
1593197
614284
305080
519214
1188667
1339674
661670
819367
137571
346968
1143314
848787
6774444
1071660
757005
6610249
224857
163114
1451672
832193
1181046
6692228
729708
888143
537018
1225966
6634981
95507
620727
611388
6668833
342621
1171424
1257705
374144
660089
729465
533788
6614257
288111
298604
6767680
399152
1382307
6728146
1057572
21488
6679515
504683
342691
276577
386757
6701178
938739
964143
855335
1429499
773829
1487220
1259782
6691314
1487878
1510019
632398
437965
1025691
1337313
673891
1395537
327381
319502
311202
1570150
636769
965818
6668142
619014
170455
1479295
1347192
232253
44985
552926
1396315
1333354
106410
1592600
960197
6757240
959149
1131352
6634469
1597277
950485
383943
1502147
1572521
6659225
849757
1259256
1425786
635725
1385023
1221799
1509609
392870
1190561
6677886
618379
6759721
6612364
383195
1182772
1189414
6731978
307855
6764547
1230217
1109323
6778501
6636004
1185657
773823
6777126
6712777
1477934
6647636
572559
6793588
1463283
1186943
1401015
512324
582765
1514911
925892
294482
1171028
1323116
1199682
1214771
810170
1412638
907801
621245
1228374
1044689
1353208
6644857
843590
770999
6681169
699288
858193
1028406
852675
245129
34201
6633764
1289186
1383666
619830
1008247
1602467
138409
1177318
604065
1603781
869125
6732316
1261389
1482249
6665359
103315
1553593
1292509
1544522
298261
6717626
6676655
1507166
773382
1025973
1428708
1431569
1582579
572368
645816
319896
1406116
857799
1224233
6793013
1524059
61594
339636
531211
773031
1213385
795453
1380002
1523847
6770430
1311416
364798
1171570
632576
6695671
1290627
1385161
6665168
1495729
1379145
1545977
1349254
6782951
356019
1031588
6695431
558730
508553
934920
6631619
1264595
905894
6631508
1060339
769064
328350
6674092
938185
238291
281029
6678298
332878
1231141
772114
239131
1449139
1381234
1607461
592396
1355890
6712710
1409055
1578088
1496920
6751636
1310754
1221821
675942
282331
6698158
1470058
1432283
1190084
491787
1248104
1172616
940588
1470415
1162464
588819
1245189
1393195
1229517
993621
725076
6786599
1383488
1460330
1545476
1335173
1209736
1190111
6723447
1425994
1552994
1576185
930410
774353
1401104
6670107
6707948
1555673
1422205
1477697
1496881
1185169
6698663
1170564
1010371
692930
663032
593710
1245992
1460269
1070455
1196566
1500556
819728
481190
1244291
660892
1223623
1323027
1517630
1373656
1305496
1452710
6636375
316774
493260
481199
1333411
620577
1382939
1247364
1582078
1429190
604115
844287
1078790
311422
650901
640525
6719023
763544
1248132
493258
1358453
1129608
286788
849023
6771931
402884
1126053
6721215
1275421
539849
809578
6720209
1212518
1532556
1288915
1100853
1173112
1471435
1356902
502891
951212
1217380
1048558
1191411
1372260
637415
305505
696017
1251983
1354456
1552312
1210046
408892
1140852
1426071
6723144
404775
1112031
756071
6738777
1050202
6787462
